09/01/2025	 23:14:15	8.09	17.18	14.24	54.69	70.00	8.09	8.09	
09/01/2025	 23:14:16	8.04	17.21	14.00	52.93	71.35	8.04	8.04	
09/01/2025	 23:14:17	8.19	16.44	14.37	59.93	76.07	8.19	8.19	
09/01/2025	 23:14:18	8.48	17.41	14.35	55.92	74.47	8.48	8.48	
09/01/2025	 23:14:19	8.43	16.69	14.07	57.60	79.82	8.43	8.43	
09/01/2025	 23:14:20	8.09	16.98	14.34	55.89	76.96	8.09	8.09	
09/01/2025	 23:14:21	8.08	16.28	14.37	51.73	74.25	8.08	8.08	
09/01/2025	 23:14:22	8.43	17.38	14.33	52.69	71.84	8.43	8.43	
09/01/2025	 23:14:23	8.35	17.29	14.08	57.30	74.08	8.35	8.35	
09/01/2025	 23:14:24	8.26	17.45	14.31	54.20	75.34	8.26	8.26	
09/01/2025	 23:14:25	8.44	16.68	14.38	52.93	70.36	8.44	8.44	
09/01/2025	 23:14:26	8.31	17.19	14.10	51.75	72.82	8.31	8.31	
09/01/2025	 23:14:27	8.42	17.42	14.35	50.18	70.84	8.42	8.42	
09/01/2025	 23:14:28	8.29	17.02	14.17	50.20	71.46	8.29	8.29	
09/01/2025	 23:14:29	8.32	17.27	14.29	56.52	71.02	8.32	8.32	
09/01/2025	 23:14:30	8.29	17.14	14.28	55.19	70.96	8.29	8.29	
09/01/2025	 23:14:31	8.45	16.67	14.28	52.86	72.71	8.45	8.45	
09/01/2025	 23:14:32	8.43	16.43	14.21	58.59	76.48	8.43	8.43	
09/01/2025	 23:14:33	8.49	17.34	14.12	56.70	77.23	8.49	8.49	
09/01/2025	 23:14:34	8.28	17.27	14.50	54.26	71.41	8.28	8.28	
09/01/2025	 23:14:35	8.32	16.78	14.48	55.43	76.85	8.32	8.32	
09/01/2025	 23:14:36	8.33	16.29	14.41	53.25	72.71	8.33	8.33	
09/01/2025	 23:14:37	8.20	16.31	14.11	58.21	76.08	8.20	8.20	
09/01/2025	 23:14:38	8.20	16.95	14.27	55.19	70.99	8.20	8.20	
09/01/2025	 23:14:39	8.31	16.51	14.03	50.12	73.52	8.31	8.31	
09/01/2025	 23:14:40	8.40	17.16	14.35	59.60	75.18	8.40	8.40	
09/01/2025	 23:14:41	8.17	17.04	14.05	60.48	79.03	8.17	8.17	
09/01/2025	 23:14:42	8.41	17.03	14.03	59.80	74.04	8.41	8.41	
09/01/2025	 23:14:43	8.36	17.04	14.34	51.70	77.93	8.36	8.36	
09/01/2025	 23:14:44	8.15	16.36	14.05	58.09	73.03	8.15	8.15	
09/01/2025	 23:14:45	8.32	16.00	14.15	55.93	80.27	8.32	8.32	
09/01/2025	 23:14:46	8.38	16.68	14.34	60.18	76.62	8.38	8.38	
09/01/2025	 23:14:47	8.04	16.35	14.08	50.18	77.99	8.04	8.04	
09/01/2025	 23:14:48	8.17	16.65	14.05	59.65	78.20	8.17	8.17	
09/01/2025	 23:14:49	8.03	16.26	14.20	52.72	71.90	8.03	8.03	
09/01/2025	 23:14:50	8.45	16.32	14.25	52.79	75.47	8.45	8.45	
09/01/2025	 23:14:51	8.44	16.06	14.38	54.21	78.62	8.44	8.44	
09/01/2025	 23:14:52	8.22	17.22	14.33	57.88	78.14	8.22	8.22	
09/01/2025	 23:14:53	8.42	16.49	14.29	52.46	76.42	8.42	8.42	
09/01/2025	 23:14:54	8.12	16.22	14.32	56.53	74.66	8.12	8.12	
09/01/2025	 23:14:55	8.09	16.87	14.00	54.83	71.79	8.09	8.09	
09/01/2025	 23:14:56	8.32	16.05	14.37	57.26	72.28	8.32	8.32	
09/01/2025	 23:19:28	8.40	17.08	14.30	58.77	77.60	8.40	8.40	77.60	77.60	77.60	77.60	77.60	77.60	77.60	77.60	77.60	
09/01/2025	 23:19:29	8.24	16.69	14.37	57.34	70.32	8.24	8.24	70.32	70.32	70.32	70.32	70.32	70.32	70.32	70.32	70.32	
09/01/2025	 23:19:30	8.35	16.38	14.12	59.79	70.15	8.35	8.35	70.15	70.15	70.15	70.15	70.15	70.15	70.15	70.15	70.15	
09/01/2025	 23:19:31	8.18	16.81	14.24	58.77	74.89	8.18	8.18	74.89	74.89	74.89	74.89	74.89	74.89	74.89	74.89	74.89	
09/01/2025	 23:19:32	8.28	16.36	14.46	60.48	71.31	8.28	8.28	71.31	71.31	71.31	71.31	71.31	71.31	71.31	71.31	71.31	
09/01/2025	 23:19:33	8.50	17.40	14.17	57.98	78.90	8.50	8.50	78.90	78.90	78.90	78.90	78.90	78.90	78.90	78.90	78.90	
09/01/2025	 23:19:34	8.38	16.25	14.46	55.79	72.46	8.38	8.38	72.46	72.46	72.46	72.46	72.46	72.46	72.46	72.46	72.46	
09/01/2025	 23:19:36	8.11	16.74	14.06	58.23	71.85	8.11	8.11	71.85	71.85	71.85	71.85	71.85	71.85	71.85	71.85	71.85	
09/01/2025	 23:19:37	8.26	16.94	14.22	58.62	72.60	8.26	8.26	72.60	72.60	72.60	72.60	72.60	72.60	72.60	72.60	72.60	
09/01/2025	 23:19:38	8.27	17.16	14.07	57.35	78.58	8.27	8.27	78.58	78.58	78.58	78.58	78.58	78.58	78.58	78.58	78.58	
09/01/2025	 23:19:39	8.30	17.02	14.37	54.29	76.34	8.30	8.30	76.34	76.34	76.34	76.34	76.34	76.34	76.34	76.34	76.34	
09/01/2025	 23:19:40	8.17	16.12	14.48	57.34	79.28	8.17	8.17	79.28	79.28	79.28	79.28	79.28	79.28	79.28	79.28	79.28	
09/01/2025	 23:19:41	8.47	17.09	14.28	52.47	70.01	8.47	8.47	70.01	70.01	70.01	70.01	70.01	70.01	70.01	70.01	70.01	
09/01/2025	 23:19:42	8.39	17.09	14.48	58.29	73.71	8.39	8.39	73.71	73.71	73.71	73.71	73.71	73.71	73.71	73.71	73.71	
09/01/2025	 23:19:43	8.04	16.60	14.06	50.20	77.72	8.04	8.04	77.72	77.72	77.72	77.72	77.72	77.72	77.72	77.72	77.72	
09/01/2025	 23:19:44	8.43	16.91	14.24	59.05	73.50	8.43	8.43	73.50	73.50	73.50	73.50	73.50	73.50	73.50	73.50	73.50	
09/01/2025	 23:19:45	8.33	16.90	14.42	57.41	70.95	8.33	8.33	70.95	70.95	70.95	70.95	70.95	70.95	70.95	70.95	70.95	
09/01/2025	 23:19:46	8.21	16.85	14.37	55.54	70.53	8.21	8.21	70.53	70.53	70.53	70.53	70.53	70.53	70.53	70.53	70.53	
09/01/2025	 23:19:47	8.17	16.45	14.00	52.26	76.21	8.17	8.17	76.21	76.21	76.21	76.21	76.21	76.21	76.21	76.21	76.21	
09/01/2025	 23:19:48	8.30	16.80	14.41	54.32	70.23	8.30	8.30	70.23	70.23	70.23	70.23	70.23	70.23	70.23	70.23	70.23	
09/01/2025	 23:19:49	8.36	16.54	14.06	54.74	75.50	8.36	8.36	75.50	75.50	75.50	75.50	75.50	75.50	75.50	75.50	75.50	
09/01/2025	 23:19:50	8.12	17.02	14.18	56.24	73.76	8.12	8.12	73.76	73.76	73.76	73.76	73.76	73.76	73.76	73.76	73.76	
09/01/2025	 23:19:51	8.46	16.78	14.15	52.21	72.57	8.46	8.46	72.57	72.57	72.57	72.57	72.57	72.57	72.57	72.57	72.57	
09/01/2025	 23:19:52	8.47	16.95	14.42	58.34	75.80	8.47	8.47	75.80	75.80	75.80	75.80	75.80	75.80	75.80	75.80	75.80	
09/01/2025	 23:19:53	8.31	17.21	14.41	56.07	77.58	8.31	8.31	77.58	77.58	77.58	77.58	77.58	77.58	77.58	77.58	77.58	
09/01/2025	 23:19:54	8.02	17.25	14.03	57.35	73.66	8.02	8.02	73.66	73.66	73.66	73.66	73.66	73.66	73.66	73.66	73.66	
09/01/2025	 23:19:55	8.26	16.45	14.27	56.48	72.07	8.26	8.26	72.07	72.07	72.07	72.07	72.07	72.07	72.07	72.07	72.07	
09/01/2025	 23:19:56	8.15	16.65	14.34	53.95	77.92	8.15	8.15	77.92	77.92	77.92	77.92	77.92	77.92	77.92	77.92	77.92	
09/01/2025	 23:19:57	8.31	17.48	14.06	51.03	78.53	8.31	8.31	78.53	78.53	78.53	78.53	78.53	78.53	78.53	78.53	78.53	
09/01/2025	 23:19:58	8.19	17.13	14.40	56.98	78.47	8.19	8.19	78.47	78.47	78.47	78.47	78.47	78.47	78.47	78.47	78.47	
09/01/2025	 23:19:59	8.41	17.41	14.08	50.52	77.28	8.41	8.41	77.28	77.28	77.28	77.28	77.28	77.28	77.28	77.28	77.28	
09/01/2025	 23:20:00	8.12	16.33	14.04	57.57	76.54	8.12	8.12	76.54	76.54	76.54	76.54	76.54	76.54	76.54	76.54	76.54	
09/01/2025	 23:20:01	8.44	17.16	14.15	53.79	71.84	8.44	8.44	71.84	71.84	71.84	71.84	71.84	71.84	71.84	71.84	71.84	
09/01/2025	 23:20:02	8.35	16.42	14.19	55.79	77.16	8.35	8.35	77.16	77.16	77.16	77.16	77.16	77.16	77.16	77.16	77.16	
09/01/2025	 23:20:03	8.26	17.31	14.24	55.58	72.03	8.26	8.26	72.03	72.03	72.03	72.03	72.03	72.03	72.03	72.03	72.03	
09/01/2025	 23:20:04	8.31	17.21	14.11	52.94	75.48	8.31	8.31	75.48	75.48	75.48	75.48	75.48	75.48	75.48	75.48	75.48	
09/01/2025	 23:20:05	8.23	16.84	14.21	51.16	76.80	8.23	8.23	76.80	76.80	76.80	76.80	76.80	76.80	76.80	76.80	76.80	
09/01/2025	 23:20:06	8.32	16.37	14.49	54.47	79.93	8.32	8.32	79.93	79.93	79.93	79.93	79.93	79.93	79.93	79.93	79.93	
09/01/2025	 23:20:07	8.25	17.07	14.27	55.08	74.80	8.25	8.25	74.80	74.80	74.80	74.80	74.80	74.80	74.80	74.80	74.80	
09/01/2025	 23:20:08	8.19	16.05	14.38	50.68	78.69	8.19	8.19	78.69	78.69	78.69	78.69	78.69	78.69	78.69	78.69	78.69	
09/01/2025	 23:20:09	8.10	16.81	14.32	60.47	79.12	8.10	8.10	79.12	79.12	79.12	79.12	79.12	79.12	79.12	79.12	79.12	
09/01/2025	 23:20:10	8.48	17.36	14.01	51.11	76.05	8.48	8.48	76.05	76.05	76.05	76.05	76.05	76.05	76.05	76.05	76.05	
09/01/2025	 23:20:11	8.08	16.27	14.11	59.67	74.04	8.08	8.08	74.04	74.04	74.04	74.04	74.04	74.04	74.04	74.04	74.04	
09/01/2025	 23:20:12	8.32	17.38	14.13	51.69	79.91	8.32	8.32	79.91	79.91	79.91	79.91	79.91	79.91	79.91	79.91	79.91	
09/01/2025	 23:20:13	8.41	16.20	14.00	52.22	71.62	8.41	8.41	71.62	71.62	71.62	71.62	71.62	71.62	71.62	71.62	71.62	
09/01/2025	 23:20:14	8.28	16.46	14.34	51.03	77.86	8.28	8.28	77.86	77.86	77.86	77.86	77.86	77.86	77.86	77.86	77.86	
09/01/2025	 23:20:15	8.05	17.14	14.09	55.82	78.76	8.05	8.05	78.76	78.76	78.76	78.76	78.76	78.76	78.76	78.76	78.76	
09/01/2025	 23:20:16	8.37	16.29	14.18	58.86	77.62	8.37	8.37	77.62	77.62	77.62	77.62	77.62	77.62	77.62	77.62	77.62	
09/01/2025	 23:20:17	8.11	16.76	14.02	54.65	75.99	8.11	8.11	75.99	75.99	75.99	75.99	75.99	75.99	75.99	75.99	75.99	
09/01/2025	 23:20:18	8.16	17.35	14.38	53.51	75.43	8.16	8.16	75.43	75.43	75.43	75.43	75.43	75.43	75.43	75.43	75.43	
09/01/2025	 23:20:19	8.23	16.11	14.43	56.58	80.02	8.23	8.23	80.02	80.02	80.02	80.02	80.02	80.02	80.02	80.02	80.02	
09/01/2025	 23:20:20	8.33	16.84	14.30	60.20	79.74	8.33	8.33	79.74	79.74	79.74	79.74	79.74	79.74	79.74	79.74	79.74	
09/01/2025	 23:20:21	8.30	17.35	14.34	51.08	72.53	8.30	8.30	72.53	72.53	72.53	72.53	72.53	72.53	72.53	72.53	72.53	
09/01/2025	 23:20:22	8.37	16.99	14.37	50.84	78.54	8.37	8.37	78.54	78.54	78.54	78.54	78.54	78.54	78.54	78.54	78.54	
09/01/2025	 23:20:23	8.21	16.04	14.26	58.10	75.10	8.21	8.21	75.10	75.10	75.10	75.10	75.10	75.10	75.10	75.10	75.10	
09/01/2025	 23:20:24	8.12	17.00	14.23	56.00	78.69	8.12	8.12	78.69	78.69	78.69	78.69	78.69	78.69	78.69	78.69	78.69	
09/01/2025	 23:20:25	8.31	16.79	14.02	51.10	74.61	8.31	8.31	74.61	74.61	74.61	74.61	74.61	74.61	74.61	74.61	74.61	
09/01/2025	 23:20:26	8.27	17.00	14.27	52.07	73.73	8.27	8.27	73.73	73.73	73.73	73.73	73.73	73.73	73.73	73.73	73.73	
09/01/2025	 23:20:27	8.16	16.54	14.22	53.57	71.54	8.16	8.16	71.54	71.54	71.54	71.54	71.54	71.54	71.54	71.54	71.54	
09/01/2025	 23:20:28	8.10	16.08	14.42	52.63	71.59	8.10	8.10	71.59	71.59	71.59	71.59	71.59	71.59	71.59	71.59	71.59	
09/01/2025	 23:20:29	8.37	16.03	14.31	57.22	79.09	8.37	8.37	79.09	79.09	79.09	79.09	79.09	79.09	79.09	79.09	79.09	
09/01/2025	 23:20:30	8.19	16.49	14.42	57.41	79.76	8.19	8.19	79.76	79.76	79.76	79.76	79.76	79.76	79.76	79.76	79.76	
09/01/2025	 23:20:31	8.13	16.82	14.34	58.47	80.32	8.13	8.13	80.32	80.32	80.32	80.32	80.32	80.32	80.32	80.32	80.32	
09/01/2025	 23:20:32	8.28	16.39	14.35	55.33	70.84	8.28	8.28	70.84	70.84	70.84	70.84	70.84	70.84	70.84	70.84	70.84	
09/01/2025	 23:20:33	8.40	17.41	14.12	50.80	77.06	8.40	8.40	77.06	77.06	77.06	77.06	77.06	77.06	77.06	77.06	77.06	
09/01/2025	 23:20:34	8.36	16.08	14.31	51.96	75.39	8.36	8.36	75.39	75.39	75.39	75.39	75.39	75.39	75.39	75.39	75.39	
09/01/2025	 23:20:35	8.20	16.19	14.13	57.61	73.15	8.20	8.20	73.15	73.15	73.15	73.15	73.15	73.15	73.15	73.15	73.15	
09/01/2025	 23:20:36	8.25	17.24	14.45	51.11	74.41	8.25	8.25	74.41	74.41	74.41	74.41	74.41	74.41	74.41	74.41	74.41	
09/01/2025	 23:20:37	8.44	17.31	14.46	58.26	78.91	8.44	8.44	78.91	78.91	78.91	78.91	78.91	78.91	78.91	78.91	78.91	
09/01/2025	 23:20:38	8.10	17.27	14.39	54.04	79.62	8.10	8.10	79.62	79.62	79.62	79.62	79.62	79.62	79.62	79.62	79.62	
09/01/2025	 23:20:39	8.13	16.04	14.43	55.68	79.14	8.13	8.13	79.14	79.14	79.14	79.14	79.14	79.14	79.14	79.14	79.14	
09/01/2025	 23:20:40	8.03	16.39	14.07	52.91	71.24	8.03	8.03	71.24	71.24	71.24	71.24	71.24	71.24	71.24	71.24	71.24	
09/01/2025	 23:20:41	8.31	16.93	14.10	57.93	71.46	8.31	8.31	71.46	71.46	71.46	71.46	71.46	71.46	71.46	71.46	71.46	
09/01/2025	 23:20:42	8.12	16.71	14.12	57.63	78.10	8.12	8.12	78.10	78.10	78.10	78.10	78.10	78.10	78.10	78.10	78.10	
09/01/2025	 23:20:43	8.28	17.21	14.04	55.56	73.94	8.28	8.28	73.94	73.94	73.94	73.94	73.94	73.94	73.94	73.94	73.94	
09/01/2025	 23:20:44	8.20	16.42	14.35	58.58	77.72	8.20	8.20	77.72	77.72	77.72	77.72	77.72	77.72	77.72	77.72	77.72	
09/01/2025	 23:20:45	8.10	17.08	14.25	52.90	74.26	8.10	8.10	74.26	74.26	74.26	74.26	74.26	74.26	74.26	74.26	74.26	
09/01/2025	 23:20:46	8.24	17.12	14.31	58.74	72.87	8.24	8.24	72.87	72.87	72.87	72.87	72.87	72.87	72.87	72.87	72.87	
09/01/2025	 23:20:47	8.05	16.93	14.29	52.09	80.37	8.05	8.05	80.37	80.37	80.37	80.37	80.37	80.37	80.37	80.37	80.37	
09/01/2025	 23:20:48	8.13	17.29	14.21	52.51	75.09	8.13	8.13	75.09	75.09	75.09	75.09	75.09	75.09	75.09	75.09	75.09	
09/01/2025	 23:20:49	8.38	16.61	14.04	50.74	70.39	8.38	8.38	70.39	70.39	70.39	70.39	70.39	70.39	70.39	70.39	70.39	
09/01/2025	 23:20:50	8.24	16.92	14.17	50.63	79.05	8.24	8.24	79.05	79.05	79.05	79.05	79.05	79.05	79.05	79.05	79.05	
09/01/2025	 23:20:51	8.28	17.22	14.11	59.27	71.60	8.28	8.28	71.60	71.60	71.60	71.60	71.60	71.60	71.60	71.60	71.60	
09/01/2025	 23:20:52	8.16	16.15	14.07	58.00	74.15	8.16	8.16	74.15	74.15	74.15	74.15	74.15	74.15	74.15	74.15	74.15	
09/01/2025	 23:20:53	8.27	17.12	14.20	59.05	70.33	8.27	8.27	70.33	70.33	70.33	70.33	70.33	70.33	70.33	70.33	70.33	
09/01/2025	 23:20:54	8.04	17.20	14.08	54.52	72.72	8.04	8.04	72.72	72.72	72.72	72.72	72.72	72.72	72.72	72.72	72.72	
09/01/2025	 23:20:55	8.04	16.53	14.34	59.44	70.05	8.04	8.04	70.05	70.05	70.05	70.05	70.05	70.05	70.05	70.05	70.05	
09/01/2025	 23:20:56	8.44	16.86	14.02	53.52	78.16	8.44	8.44	78.16	78.16	78.16	78.16	78.16	78.16	78.16	78.16	78.16	
09/01/2025	 23:20:57	8.21	17.12	14.47	52.00	71.83	8.21	8.21	71.83	71.83	71.83	71.83	71.83	71.83	71.83	71.83	71.83	
09/01/2025	 23:20:58	8.16	17.26	14.11	52.81	73.39	8.16	8.16	73.39	73.39	73.39	73.39	73.39	73.39	73.39	73.39	73.39	
09/01/2025	 23:20:59	8.33	16.99	14.08	54.32	76.66	8.33	8.33	76.66	76.66	76.66	76.66	76.66	76.66	76.66	76.66	76.66	
09/01/2025	 23:21:00	8.22	16.45	14.34	59.50	72.71	8.22	8.22	72.71	72.71	72.71	72.71	72.71	72.71	72.71	72.71	72.71	
09/01/2025	 23:21:01	8.48	16.97	14.34	56.15	78.57	8.48	8.48	78.57	78.57	78.57	78.57	78.57	78.57	78.57	78.57	78.57	
09/01/2025	 23:21:02	8.22	16.57	14.34	54.62	79.24	8.22	8.22	79.24	79.24	79.24	79.24	79.24	79.24	79.24	79.24	79.24	
09/01/2025	 23:21:03	8.49	16.20	14.31	53.82	71.24	8.49	8.49	71.24	71.24	71.24	71.24	71.24	71.24	71.24	71.24	71.24	
09/01/2025	 23:21:04	8.22	16.22	14.39	54.59	76.45	8.22	8.22	76.45	76.45	76.45	76.45	76.45	76.45	76.45	76.45	76.45	
09/01/2025	 23:21:05	8.06	17.43	14.03	56.54	72.81	8.06	8.06	72.81	72.81	72.81	72.81	72.81	72.81	72.81	72.81	72.81	
09/01/2025	 23:21:06	8.19	16.82	14.38	59.04	75.77	8.19	8.19	75.77	75.77	75.77	75.77	75.77	75.77	75.77	75.77	75.77	
09/01/2025	 23:21:07	8.40	16.72	14.49	54.09	74.43	8.40	8.40	74.43	74.43	74.43	74.43	74.43	74.43	74.43	74.43	74.43	
09/01/2025	 23:21:08	8.39	16.72	14.21	51.58	75.39	8.39	8.39	75.39	75.39	75.39	75.39	75.39	75.39	75.39	75.39	75.39	
09/01/2025	 23:21:09	8.49	17.24	14.41	57.72	80.25	8.49	8.49	80.25	80.25	80.25	80.25	80.25	80.25	80.25	80.25	80.25	
09/01/2025	 23:40:40	0.00	0.00	0.00	0.00	0.00	0.00	0.00	0.00	0.00	0.00	0.00	0.00	0.00	0.00	0.00	0.00	
09/01/2025	 23:40:41	0.00	0.00	0.00	0.00	0.00	0.00	0.00	0.00	0.00	0.00	0.00	0.00	0.00	0.00	0.00	0.00	
09/01/2025	 23:40:42	0.00	0.00	0.00	0.00	0.00	0.00	0.00	0.00	0.00	0.00	0.00	0.00	0.00	0.00	0.00	0.00	
09/01/2025	 23:40:43	0.00	0.00	0.00	0.00	0.00	0.00	0.00	0.00	0.00	0.00	0.00	0.00	0.00	0.00	0.00	0.00	
09/01/2025	 23:40:44	0.00	0.00	0.00	0.00	0.00	0.00	0.00	0.00	0.00	0.00	0.00	0.00	0.00	0.00	0.00	0.00	
09/01/2025	 23:40:45	0.00	0.00	0.00	0.00	0.00	0.00	0.00	0.00	0.00	0.00	0.00	0.00	0.00	0.00	0.00	0.00	
09/01/2025	 23:40:46	0.00	0.00	0.00	0.00	0.00	0.00	0.00	0.00	0.00	0.00	0.00	0.00	0.00	0.00	0.00	0.00	
09/01/2025	 23:40:47	0.00	0.00	0.00	0.00	0.00	0.00	0.00	0.00	0.00	0.00	0.00	0.00	0.00	0.00	0.00	0.00	
09/01/2025	 23:40:48	0.00	0.00	0.00	0.00	0.00	0.00	0.00	0.00	0.00	0.00	0.00	0.00	0.00	0.00	0.00	0.00	
09/01/2025	 23:40:49	0.00	0.00	0.00	0.00	0.00	0.00	0.00	0.00	0.00	0.00	0.00	0.00	0.00	0.00	0.00	0.00	
09/01/2025	 23:40:50	0.00	0.00	0.00	0.00	0.00	0.00	0.00	0.00	0.00	0.00	0.00	0.00	0.00	0.00	0.00	0.00	
09/01/2025	 23:40:51	0.00	0.00	0.00	0.00	0.00	0.00	0.00	0.00	0.00	0.00	0.00	0.00	0.00	0.00	0.00	0.00	
09/01/2025	 23:40:52	0.00	0.00	0.00	0.00	0.00	0.00	0.00	0.00	0.00	0.00	0.00	0.00	0.00	0.00	0.00	0.00	
09/01/2025	 23:40:53	0.00	0.00	0.00	0.00	0.00	0.00	0.00	0.00	0.00	0.00	0.00	0.00	0.00	0.00	0.00	0.00	
09/01/2025	 23:40:54	0.00	0.00	0.00	0.00	0.00	0.00	0.00	0.00	0.00	0.00	0.00	0.00	0.00	0.00	0.00	0.00	
09/01/2025	 23:40:55	0.00	0.00	0.00	0.00	0.00	0.00	0.00	0.00	0.00	0.00	0.00	0.00	0.00	0.00	0.00	0.00	
09/01/2025	 23:40:56	0.00	0.00	0.00	0.00	0.00	0.00	0.00	0.00	0.00	0.00	0.00	0.00	0.00	0.00	0.00	0.00	
09/01/2025	 23:40:57	0.00	0.00	0.00	0.00	0.00	0.00	0.00	0.00	0.00	0.00	0.00	0.00	0.00	0.00	0.00	0.00	
09/01/2025	 23:40:58	0.00	0.00	0.00	0.00	0.00	0.00	0.00	0.00	0.00	0.00	0.00	0.00	0.00	0.00	0.00	0.00	
09/01/2025	 23:40:59	0.00	0.00	0.00	0.00	0.00	0.00	0.00	0.00	0.00	0.00	0.00	0.00	0.00	0.00	0.00	0.00	
09/01/2025	 23:41:00	0.00	0.00	0.00	0.00	0.00	0.00	0.00	0.00	0.00	0.00	0.00	0.00	0.00	0.00	0.00	0.00	
09/01/2025	 23:41:01	0.00	0.00	0.00	0.00	0.00	0.00	0.00	0.00	0.00	0.00	0.00	0.00	0.00	0.00	0.00	0.00	
09/01/2025	 23:41:02	0.00	0.00	0.00	0.00	0.00	0.00	0.00	0.00	0.00	0.00	0.00	0.00	0.00	0.00	0.00	0.00	
09/01/2025	 23:41:03	0.00	0.00	0.00	0.00	0.00	0.00	0.00	0.00	0.00	0.00	0.00	0.00	0.00	0.00	0.00	0.00	
09/01/2025	 23:41:04	0.00	0.00	0.00	0.00	0.00	0.00	0.00	0.00	0.00	0.00	0.00	0.00	0.00	0.00	0.00	0.00	
09/01/2025	 23:41:05	0.00	0.00	0.00	0.00	0.00	0.00	0.00	0.00	0.00	0.00	0.00	0.00	0.00	0.00	0.00	0.00	
09/01/2025	 23:41:06	0.00	0.00	0.00	0.00	0.00	0.00	0.00	0.00	0.00	0.00	0.00	0.00	0.00	0.00	0.00	0.00	
09/01/2025	 23:41:07	0.00	0.00	0.00	0.00	0.00	0.00	0.00	0.00	0.00	0.00	0.00	0.00	0.00	0.00	0.00	0.00	
09/01/2025	 23:41:08	0.00	0.00	0.00	0.00	0.00	0.00	0.00	0.00	0.00	0.00	0.00	0.00	0.00	0.00	0.00	0.00	
09/01/2025	 23:41:09	0.00	0.00	0.00	0.00	0.00	0.00	0.00	0.00	0.00	0.00	0.00	0.00	0.00	0.00	0.00	0.00	
09/01/2025	 23:41:10	0.00	0.00	0.00	0.00	0.00	0.00	0.00	0.00	0.00	0.00	0.00	0.00	0.00	0.00	0.00	0.00	
09/01/2025	 23:41:11	0.00	0.00	0.00	0.00	0.00	0.00	0.00	0.00	0.00	0.00	0.00	0.00	0.00	0.00	0.00	0.00	
09/01/2025	 23:41:12	0.00	0.00	0.00	0.00	0.00	0.00	0.00	0.00	0.00	0.00	0.00	0.00	0.00	0.00	0.00	0.00	
09/01/2025	 23:41:13	0.00	0.00	0.00	0.00	0.00	0.00	0.00	0.00	0.00	0.00	0.00	0.00	0.00	0.00	0.00	0.00	
09/01/2025	 23:41:14	0.00	0.00	0.00	0.00	0.00	0.00	0.00	0.00	0.00	0.00	0.00	0.00	0.00	0.00	0.00	0.00	
09/01/2025	 23:41:15	0.00	0.00	0.00	0.00	0.00	0.00	0.00	0.00	0.00	0.00	0.00	0.00	0.00	0.00	0.00	0.00	
09/01/2025	 23:41:16	0.00	0.00	0.00	0.00	0.00	0.00	0.00	0.00	0.00	0.00	0.00	0.00	0.00	0.00	0.00	0.00	
09/01/2025	 23:41:17	0.00	0.00	0.00	0.00	0.00	0.00	0.00	0.00	0.00	0.00	0.00	0.00	0.00	0.00	0.00	0.00	
09/01/2025	 23:41:18	0.00	0.00	0.00	0.00	0.00	0.00	0.00	0.00	0.00	0.00	0.00	0.00	0.00	0.00	0.00	0.00	
09/01/2025	 23:41:19	0.00	0.00	0.00	0.00	0.00	0.00	0.00	0.00	0.00	0.00	0.00	0.00	0.00	0.00	0.00	0.00	
09/01/2025	 23:41:20	0.00	0.00	0.00	0.00	0.00	0.00	0.00	0.00	0.00	0.00	0.00	0.00	0.00	0.00	0.00	0.00	
09/01/2025	 23:41:21	0.00	0.00	0.00	0.00	0.00	0.00	0.00	0.00	0.00	0.00	0.00	0.00	0.00	0.00	0.00	0.00	
09/01/2025	 23:41:22	0.00	0.00	0.00	0.00	0.00	0.00	0.00	0.00	0.00	0.00	0.00	0.00	0.00	0.00	0.00	0.00	
09/01/2025	 23:55:40	0.00	0.00	0.00	0.00	0.00	0.00	0.00	0.00	0.00	0.00	0.00	0.00	0.00	0.00	0.00	0.00	
09/01/2025	 23:55:41	0.00	0.00	0.00	0.00	0.00	0.00	0.00	0.00	0.00	0.00	0.00	0.00	0.00	0.00	0.00	0.00	
09/01/2025	 23:55:42	0.00	0.00	0.00	0.00	0.00	0.00	0.00	0.00	0.00	0.00	0.00	0.00	0.00	0.00	0.00	0.00	
09/01/2025	 23:55:43	0.00	0.00	0.00	0.00	0.00	0.00	0.00	0.00	0.00	0.00	0.00	0.00	0.00	0.00	0.00	0.00	
09/01/2025	 23:55:44	0.00	0.00	0.00	0.00	0.00	0.00	0.00	0.00	0.00	0.00	0.00	0.00	0.00	0.00	0.00	0.00	
09/01/2025	 23:55:45	0.00	0.00	0.00	0.00	0.00	0.00	0.00	0.00	0.00	0.00	0.00	0.00	0.00	0.00	0.00	0.00	
09/01/2025	 23:55:46	0.00	0.00	0.00	0.00	0.00	0.00	0.00	0.00	0.00	0.00	0.00	0.00	0.00	0.00	0.00	0.00	
09/01/2025	 23:55:47	0.00	0.00	0.00	0.00	0.00	0.00	0.00	0.00	0.00	0.00	0.00	0.00	0.00	0.00	0.00	0.00	
09/01/2025	 23:55:48	0.00	0.00	0.00	0.00	0.00	0.00	0.00	0.00	0.00	0.00	0.00	0.00	0.00	0.00	0.00	0.00	
09/01/2025	 23:55:49	0.00	0.00	0.00	0.00	0.00	0.00	0.00	0.00	0.00	0.00	0.00	0.00	0.00	0.00	0.00	0.00	
09/01/2025	 23:55:50	0.00	0.00	0.00	0.00	0.00	0.00	0.00	0.00	0.00	0.00	0.00	0.00	0.00	0.00	0.00	0.00	
09/01/2025	 23:55:51	0.00	0.00	0.00	0.00	0.00	0.00	0.00	0.00	0.00	0.00	0.00	0.00	0.00	0.00	0.00	0.00	
09/01/2025	 23:55:52	0.00	0.00	0.00	0.00	0.00	0.00	0.00	0.00	0.00	0.00	0.00	0.00	0.00	0.00	0.00	0.00	
09/01/2025	 23:55:53	0.00	0.00	0.00	0.00	0.00	0.00	0.00	0.00	0.00	0.00	0.00	0.00	0.00	0.00	0.00	0.00	
09/01/2025	 23:55:54	0.00	0.00	0.00	0.00	0.00	0.00	0.00	0.00	0.00	0.00	0.00	0.00	0.00	0.00	0.00	0.00	
09/01/2025	 23:55:55	0.00	0.00	0.00	0.00	0.00	0.00	0.00	0.00	0.00	0.00	0.00	0.00	0.00	0.00	0.00	0.00	
10/01/2025	 00:00:13	0.00	0.00	0.00	0.00	0.00	0.00	0.00	0.00	0.00	0.00	0.00	0.00	0.00	0.00	0.00	0.00	
10/01/2025	 00:00:14	0.00	0.00	0.00	0.00	0.00	0.00	0.00	0.00	0.00	0.00	0.00	0.00	0.00	0.00	0.00	0.00	
10/01/2025	 00:00:15	0.00	0.00	0.00	0.00	0.00	0.00	0.00	0.00	0.00	0.00	0.00	0.00	0.00	0.00	0.00	0.00	
10/01/2025	 00:00:16	0.00	0.00	0.00	0.00	0.00	0.00	0.00	0.00	0.00	0.00	0.00	0.00	0.00	0.00	0.00	0.00	
10/01/2025	 00:00:17	0.00	0.00	0.00	0.00	0.00	0.00	0.00	0.00	0.00	0.00	0.00	0.00	0.00	0.00	0.00	0.00	
10/01/2025	 00:00:18	0.00	0.00	0.00	0.00	0.00	0.00	0.00	0.00	0.00	0.00	0.00	0.00	0.00	0.00	0.00	0.00	
10/01/2025	 00:00:19	0.00	0.00	0.00	0.00	0.00	0.00	0.00	0.00	0.00	0.00	0.00	0.00	0.00	0.00	0.00	0.00	
10/01/2025	 00:00:20	0.00	0.00	0.00	0.00	0.00	0.00	0.00	0.00	0.00	0.00	0.00	0.00	0.00	0.00	0.00	0.00	
10/01/2025	 00:00:21	0.00	0.00	0.00	0.00	0.00	0.00	0.00	0.00	0.00	0.00	0.00	0.00	0.00	0.00	0.00	0.00	
10/01/2025	 00:00:22	0.00	0.00	0.00	0.00	0.00	0.00	0.00	0.00	0.00	0.00	0.00	0.00	0.00	0.00	0.00	0.00	
10/01/2025	 00:00:23	0.00	0.00	0.00	0.00	0.00	0.00	0.00	0.00	0.00	0.00	0.00	0.00	0.00	0.00	0.00	0.00	
10/01/2025	 00:00:24	0.00	0.00	0.00	0.00	0.00	0.00	0.00	0.00	0.00	0.00	0.00	0.00	0.00	0.00	0.00	0.00	
10/01/2025	 00:00:25	0.00	0.00	0.00	0.00	0.00	0.00	0.00	0.00	0.00	0.00	0.00	0.00	0.00	0.00	0.00	0.00	
10/01/2025	 00:00:26	0.00	0.00	0.00	0.00	0.00	0.00	0.00	0.00	0.00	0.00	0.00	0.00	0.00	0.00	0.00	0.00	
10/01/2025	 00:00:27	0.00	0.00	0.00	0.00	0.00	0.00	0.00	0.00	0.00	0.00	0.00	0.00	0.00	0.00	0.00	0.00	
10/01/2025	 00:00:28	0.00	0.00	0.00	0.00	0.00	0.00	0.00	0.00	0.00	0.00	0.00	0.00	0.00	0.00	0.00	0.00	
10/01/2025	 00:00:29	0.00	0.00	0.00	0.00	0.00	0.00	0.00	0.00	0.00	0.00	0.00	0.00	0.00	0.00	0.00	0.00	
10/01/2025	 00:00:30	0.00	0.00	0.00	0.00	0.00	0.00	0.00	0.00	0.00	0.00	0.00	0.00	0.00	0.00	0.00	0.00	
10/01/2025	 00:00:31	0.00	0.00	0.00	0.00	0.00	0.00	0.00	0.00	0.00	0.00	0.00	0.00	0.00	0.00	0.00	0.00	
10/01/2025	 00:00:32	0.00	0.00	0.00	0.00	0.00	0.00	0.00	0.00	0.00	0.00	0.00	0.00	0.00	0.00	0.00	0.00	
10/01/2025	 00:00:33	0.00	0.00	0.00	0.00	0.00	0.00	0.00	0.00	0.00	0.00	0.00	0.00	0.00	0.00	0.00	0.00	
10/01/2025	 00:00:34	0.00	0.00	0.00	0.00	0.00	0.00	0.00	0.00	0.00	0.00	0.00	0.00	0.00	0.00	0.00	0.00	
10/01/2025	 00:00:35	0.00	0.00	0.00	0.00	0.00	0.00	0.00	0.00	0.00	0.00	0.00	0.00	0.00	0.00	0.00	0.00	
10/01/2025	 00:00:36	0.00	0.00	0.00	0.00	0.00	0.00	0.00	0.00	0.00	0.00	0.00	0.00	0.00	0.00	0.00	0.00	
10/01/2025	 00:00:37	0.00	0.00	0.00	0.00	0.00	0.00	0.00	0.00	0.00	0.00	0.00	0.00	0.00	0.00	0.00	0.00	
10/01/2025	 00:00:38	0.00	0.00	0.00	0.00	0.00	0.00	0.00	0.00	0.00	0.00	0.00	0.00	0.00	0.00	0.00	0.00	
10/01/2025	 00:00:39	0.00	0.00	0.00	0.00	0.00	0.00	0.00	0.00	0.00	0.00	0.00	0.00	0.00	0.00	0.00	0.00	
10/01/2025	 00:00:40	0.00	0.00	0.00	0.00	0.00	0.00	0.00	0.00	0.00	0.00	0.00	0.00	0.00	0.00	0.00	0.00	
10/01/2025	 00:03:41	0.00	0.00	0.00	0.00	0.00	0.00	0.00	0.00	0.00	0.00	0.00	0.00	0.00	0.00	0.00	0.00	
10/01/2025	 00:03:42	0.00	0.00	0.00	0.00	0.00	0.00	0.00	0.00	0.00	0.00	0.00	0.00	0.00	0.00	0.00	0.00	
10/01/2025	 00:03:43	0.00	0.00	0.00	0.00	0.00	0.00	0.00	0.00	0.00	0.00	0.00	0.00	0.00	0.00	0.00	0.00	
10/01/2025	 00:03:44	0.00	0.00	0.00	0.00	0.00	0.00	0.00	0.00	0.00	0.00	0.00	0.00	0.00	0.00	0.00	0.00	
10/01/2025	 00:03:45	0.00	0.00	0.00	0.00	0.00	0.00	0.00	0.00	0.00	0.00	0.00	0.00	0.00	0.00	0.00	0.00	
10/01/2025	 00:03:46	0.00	0.00	0.00	0.00	0.00	0.00	0.00	0.00	0.00	0.00	0.00	0.00	0.00	0.00	0.00	0.00	
10/01/2025	 00:03:47	0.00	0.00	0.00	0.00	0.00	0.00	0.00	0.00	0.00	0.00	0.00	0.00	0.00	0.00	0.00	0.00	
10/01/2025	 00:03:48	0.00	0.00	0.00	0.00	0.00	0.00	0.00	0.00	0.00	0.00	0.00	0.00	0.00	0.00	0.00	0.00	
10/01/2025	 00:03:49	0.00	0.00	0.00	0.00	0.00	0.00	0.00	0.00	0.00	0.00	0.00	0.00	0.00	0.00	0.00	0.00	
10/01/2025	 00:03:50	0.00	0.00	0.00	0.00	0.00	0.00	0.00	0.00	0.00	0.00	0.00	0.00	0.00	0.00	0.00	0.00	
10/01/2025	 00:03:51	0.00	0.00	0.00	0.00	0.00	0.00	0.00	0.00	0.00	0.00	0.00	0.00	0.00	0.00	0.00	0.00	
10/01/2025	 00:03:52	0.00	0.00	0.00	0.00	0.00	0.00	0.00	0.00	0.00	0.00	0.00	0.00	0.00	0.00	0.00	0.00	
10/01/2025	 00:03:53	0.00	0.00	0.00	0.00	0.00	0.00	0.00	0.00	0.00	0.00	0.00	0.00	0.00	0.00	0.00	0.00	
10/01/2025	 00:03:54	0.00	0.00	0.00	0.00	0.00	0.00	0.00	0.00	0.00	0.00	0.00	0.00	0.00	0.00	0.00	0.00	
10/01/2025	 00:03:55	0.00	0.00	0.00	0.00	0.00	0.00	0.00	0.00	0.00	0.00	0.00	0.00	0.00	0.00	0.00	0.00	
10/01/2025	 00:03:56	0.00	0.00	0.00	0.00	0.00	0.00	0.00	0.00	0.00	0.00	0.00	0.00	0.00	0.00	0.00	0.00	
10/01/2025	 00:03:57	0.00	0.00	0.00	0.00	0.00	0.00	0.00	0.00	0.00	0.00	0.00	0.00	0.00	0.00	0.00	0.00	
10/01/2025	 00:03:58	0.00	0.00	0.00	0.00	0.00	0.00	0.00	0.00	0.00	0.00	0.00	0.00	0.00	0.00	0.00	0.00	
10/01/2025	 00:03:59	0.00	0.00	0.00	0.00	0.00	0.00	0.00	0.00	0.00	0.00	0.00	0.00	0.00	0.00	0.00	0.00	
10/01/2025	 00:04:00	0.00	0.00	0.00	0.00	0.00	0.00	0.00	0.00	0.00	0.00	0.00	0.00	0.00	0.00	0.00	0.00	
10/01/2025	 00:04:01	0.00	0.00	0.00	0.00	0.00	0.00	0.00	0.00	0.00	0.00	0.00	0.00	0.00	0.00	0.00	0.00	
10/01/2025	 00:04:02	0.00	0.00	0.00	0.00	0.00	0.00	0.00	0.00	0.00	0.00	0.00	0.00	0.00	0.00	0.00	0.00	
10/01/2025	 00:04:03	0.00	0.00	0.00	0.00	0.00	0.00	0.00	0.00	0.00	0.00	0.00	0.00	0.00	0.00	0.00	0.00	
10/01/2025	 00:04:04	0.00	0.00	0.00	0.00	0.00	0.00	0.00	0.00	0.00	0.00	0.00	0.00	0.00	0.00	0.00	0.00	
10/01/2025	 00:04:05	0.00	0.00	0.00	0.00	0.00	0.00	0.00	0.00	0.00	0.00	0.00	0.00	0.00	0.00	0.00	0.00	
10/01/2025	 00:04:06	0.00	0.00	0.00	0.00	0.00	0.00	0.00	0.00	0.00	0.00	0.00	0.00	0.00	0.00	0.00	0.00	
10/01/2025	 00:04:07	0.00	0.00	0.00	0.00	0.00	0.00	0.00	0.00	0.00	0.00	0.00	0.00	0.00	0.00	0.00	0.00	
10/01/2025	 00:04:08	0.00	0.00	0.00	0.00	0.00	0.00	0.00	0.00	0.00	0.00	0.00	0.00	0.00	0.00	0.00	0.00	
10/01/2025	 00:04:09	0.00	0.00	0.00	0.00	0.00	0.00	0.00	0.00	0.00	0.00	0.00	0.00	0.00	0.00	0.00	0.00	
10/01/2025	 00:04:10	0.00	0.00	0.00	0.00	0.00	0.00	0.00	0.00	0.00	0.00	0.00	0.00	0.00	0.00	0.00	0.00	
10/01/2025	 00:04:11	0.00	0.00	0.00	0.00	0.00	0.00	0.00	0.00	0.00	0.00	0.00	0.00	0.00	0.00	0.00	0.00	
10/01/2025	 00:04:12	0.00	0.00	0.00	0.00	0.00	0.00	0.00	0.00	0.00	0.00	0.00	0.00	0.00	0.00	0.00	0.00	
10/01/2025	 00:04:13	0.00	0.00	0.00	0.00	0.00	0.00	0.00	0.00	0.00	0.00	0.00	0.00	0.00	0.00	0.00	0.00	
10/01/2025	 00:04:14	0.00	0.00	0.00	0.00	0.00	0.00	0.00	0.00	0.00	0.00	0.00	0.00	0.00	0.00	0.00	0.00	
10/01/2025	 00:04:15	0.00	0.00	0.00	0.00	0.00	0.00	0.00	0.00	0.00	0.00	0.00	0.00	0.00	0.00	0.00	0.00	
10/01/2025	 00:04:16	0.00	0.00	0.00	0.00	0.00	0.00	0.00	0.00	0.00	0.00	0.00	0.00	0.00	0.00	0.00	0.00	
10/01/2025	 00:04:17	0.00	0.00	0.00	0.00	0.00	0.00	0.00	0.00	0.00	0.00	0.00	0.00	0.00	0.00	0.00	0.00	
10/01/2025	 00:04:18	0.00	0.00	0.00	0.00	0.00	0.00	0.00	0.00	0.00	0.00	0.00	0.00	0.00	0.00	0.00	0.00	
10/01/2025	 00:04:19	0.00	0.00	0.00	0.00	0.00	0.00	0.00	0.00	0.00	0.00	0.00	0.00	0.00	0.00	0.00	0.00	
10/01/2025	 00:04:20	0.00	0.00	0.00	0.00	0.00	0.00	0.00	0.00	0.00	0.00	0.00	0.00	0.00	0.00	0.00	0.00	
10/01/2025	 00:04:21	0.00	0.00	0.00	0.00	0.00	0.00	0.00	0.00	0.00	0.00	0.00	0.00	0.00	0.00	0.00	0.00	
10/01/2025	 00:04:22	0.00	0.00	0.00	0.00	0.00	0.00	0.00	0.00	0.00	0.00	0.00	0.00	0.00	0.00	0.00	0.00	
10/01/2025	 00:04:23	0.00	0.00	0.00	0.00	0.00	0.00	0.00	0.00	0.00	0.00	0.00	0.00	0.00	0.00	0.00	0.00	
10/01/2025	 00:04:24	0.00	0.00	0.00	0.00	0.00	0.00	0.00	0.00	0.00	0.00	0.00	0.00	0.00	0.00	0.00	0.00	
10/01/2025	 00:04:25	0.00	0.00	0.00	0.00	0.00	0.00	0.00	0.00	0.00	0.00	0.00	0.00	0.00	0.00	0.00	0.00	
10/01/2025	 00:04:26	0.00	0.00	0.00	0.00	0.00	0.00	0.00	0.00	0.00	0.00	0.00	0.00	0.00	0.00	0.00	0.00	
10/01/2025	 00:04:27	0.00	0.00	0.00	0.00	0.00	0.00	0.00	0.00	0.00	0.00	0.00	0.00	0.00	0.00	0.00	0.00	
10/01/2025	 00:04:28	0.00	0.00	0.00	0.00	0.00	0.00	0.00	0.00	0.00	0.00	0.00	0.00	0.00	0.00	0.00	0.00	
10/01/2025	 00:04:29	0.00	0.00	0.00	0.00	0.00	0.00	0.00	0.00	0.00	0.00	0.00	0.00	0.00	0.00	0.00	0.00	
10/01/2025	 00:04:30	0.00	0.00	0.00	0.00	0.00	0.00	0.00	0.00	0.00	0.00	0.00	0.00	0.00	0.00	0.00	0.00	
10/01/2025	 00:04:31	0.00	0.00	0.00	0.00	0.00	0.00	0.00	0.00	0.00	0.00	0.00	0.00	0.00	0.00	0.00	0.00	
10/01/2025	 00:04:32	0.00	0.00	0.00	0.00	0.00	0.00	0.00	0.00	0.00	0.00	0.00	0.00	0.00	0.00	0.00	0.00	
10/01/2025	 00:04:33	0.00	0.00	0.00	0.00	0.00	0.00	0.00	0.00	0.00	0.00	0.00	0.00	0.00	0.00	0.00	0.00	
10/01/2025	 00:04:34	0.00	0.00	0.00	0.00	0.00	0.00	0.00	0.00	0.00	0.00	0.00	0.00	0.00	0.00	0.00	0.00	
10/01/2025	 00:04:35	0.00	0.00	0.00	0.00	0.00	0.00	0.00	0.00	0.00	0.00	0.00	0.00	0.00	0.00	0.00	0.00	
10/01/2025	 00:04:36	0.00	0.00	0.00	0.00	0.00	0.00	0.00	0.00	0.00	0.00	0.00	0.00	0.00	0.00	0.00	0.00	
10/01/2025	 00:04:37	0.00	0.00	0.00	0.00	0.00	0.00	0.00	0.00	0.00	0.00	0.00	0.00	0.00	0.00	0.00	0.00	
10/01/2025	 00:04:38	0.00	0.00	0.00	0.00	0.00	0.00	0.00	0.00	0.00	0.00	0.00	0.00	0.00	0.00	0.00	0.00	
10/01/2025	 00:04:39	0.00	0.00	0.00	0.00	0.00	0.00	0.00	0.00	0.00	0.00	0.00	0.00	0.00	0.00	0.00	0.00	
10/01/2025	 00:04:40	0.00	0.00	0.00	0.00	0.00	0.00	0.00	0.00	0.00	0.00	0.00	0.00	0.00	0.00	0.00	0.00	
10/01/2025	 00:04:41	0.00	0.00	0.00	0.00	0.00	0.00	0.00	0.00	0.00	0.00	0.00	0.00	0.00	0.00	0.00	0.00	
10/01/2025	 00:04:42	0.00	0.00	0.00	0.00	0.00	0.00	0.00	0.00	0.00	0.00	0.00	0.00	0.00	0.00	0.00	0.00	
10/01/2025	 00:04:43	0.00	0.00	0.00	0.00	0.00	0.00	0.00	0.00	0.00	0.00	0.00	0.00	0.00	0.00	0.00	0.00	
10/01/2025	 00:04:44	0.00	0.00	0.00	0.00	0.00	0.00	0.00	0.00	0.00	0.00	0.00	0.00	0.00	0.00	0.00	0.00	
10/01/2025	 00:04:45	0.00	0.00	0.00	0.00	0.00	0.00	0.00	0.00	0.00	0.00	0.00	0.00	0.00	0.00	0.00	0.00	
10/01/2025	 00:04:46	0.00	0.00	0.00	0.00	0.00	0.00	0.00	0.00	0.00	0.00	0.00	0.00	0.00	0.00	0.00	0.00	
10/01/2025	 00:04:47	0.00	0.00	0.00	0.00	0.00	0.00	0.00	0.00	0.00	0.00	0.00	0.00	0.00	0.00	0.00	0.00	
10/01/2025	 00:04:48	0.00	0.00	0.00	0.00	0.00	0.00	0.00	0.00	0.00	0.00	0.00	0.00	0.00	0.00	0.00	0.00	
10/01/2025	 00:04:49	0.00	0.00	0.00	0.00	0.00	0.00	0.00	0.00	0.00	0.00	0.00	0.00	0.00	0.00	0.00	0.00	
10/01/2025	 00:04:50	0.00	0.00	0.00	0.00	0.00	0.00	0.00	0.00	0.00	0.00	0.00	0.00	0.00	0.00	0.00	0.00	
10/01/2025	 00:04:51	0.00	0.00	0.00	0.00	0.00	0.00	0.00	0.00	0.00	0.00	0.00	0.00	0.00	0.00	0.00	0.00	
10/01/2025	 00:04:52	0.00	0.00	0.00	0.00	0.00	0.00	0.00	0.00	0.00	0.00	0.00	0.00	0.00	0.00	0.00	0.00	
10/01/2025	 00:04:53	0.00	0.00	0.00	0.00	0.00	0.00	0.00	0.00	0.00	0.00	0.00	0.00	0.00	0.00	0.00	0.00	
10/01/2025	 00:04:54	0.00	0.00	0.00	0.00	0.00	0.00	0.00	0.00	0.00	0.00	0.00	0.00	0.00	0.00	0.00	0.00	
10/01/2025	 00:04:55	0.00	0.00	0.00	0.00	0.00	0.00	0.00	0.00	0.00	0.00	0.00	0.00	0.00	0.00	0.00	0.00	
10/01/2025	 00:04:56	0.00	0.00	0.00	0.00	0.00	0.00	0.00	0.00	0.00	0.00	0.00	0.00	0.00	0.00	0.00	0.00	
10/01/2025	 00:04:57	0.00	0.00	0.00	0.00	0.00	0.00	0.00	0.00	0.00	0.00	0.00	0.00	0.00	0.00	0.00	0.00	
10/01/2025	 00:04:58	0.00	0.00	0.00	0.00	0.00	0.00	0.00	0.00	0.00	0.00	0.00	0.00	0.00	0.00	0.00	0.00	
10/01/2025	 00:04:59	0.00	0.00	0.00	0.00	0.00	0.00	0.00	0.00	0.00	0.00	0.00	0.00	0.00	0.00	0.00	0.00	
10/01/2025	 00:05:00	0.00	0.00	0.00	0.00	0.00	0.00	0.00	0.00	0.00	0.00	0.00	0.00	0.00	0.00	0.00	0.00	
10/01/2025	 00:05:01	0.00	0.00	0.00	0.00	0.00	0.00	0.00	0.00	0.00	0.00	0.00	0.00	0.00	0.00	0.00	0.00	
10/01/2025	 00:05:02	0.00	0.00	0.00	0.00	0.00	0.00	0.00	0.00	0.00	0.00	0.00	0.00	0.00	0.00	0.00	0.00	
10/01/2025	 00:05:03	0.00	0.00	0.00	0.00	0.00	0.00	0.00	0.00	0.00	0.00	0.00	0.00	0.00	0.00	0.00	0.00	
10/01/2025	 00:05:04	0.00	0.00	0.00	0.00	0.00	0.00	0.00	0.00	0.00	0.00	0.00	0.00	0.00	0.00	0.00	0.00	
10/01/2025	 00:05:05	0.00	0.00	0.00	0.00	0.00	0.00	0.00	0.00	0.00	0.00	0.00	0.00	0.00	0.00	0.00	0.00	
10/01/2025	 00:05:06	0.00	0.00	0.00	0.00	0.00	0.00	0.00	0.00	0.00	0.00	0.00	0.00	0.00	0.00	0.00	0.00	
10/01/2025	 00:05:07	0.00	0.00	0.00	0.00	0.00	0.00	0.00	0.00	0.00	0.00	0.00	0.00	0.00	0.00	0.00	0.00	
10/01/2025	 00:05:08	0.00	0.00	0.00	0.00	0.00	0.00	0.00	0.00	0.00	0.00	0.00	0.00	0.00	0.00	0.00	0.00	
10/01/2025	 00:05:09	0.00	0.00	0.00	0.00	0.00	0.00	0.00	0.00	0.00	0.00	0.00	0.00	0.00	0.00	0.00	0.00	
10/01/2025	 00:05:10	0.00	0.00	0.00	0.00	0.00	0.00	0.00	0.00	0.00	0.00	0.00	0.00	0.00	0.00	0.00	0.00	
10/01/2025	 00:05:11	0.00	0.00	0.00	0.00	0.00	0.00	0.00	0.00	0.00	0.00	0.00	0.00	0.00	0.00	0.00	0.00	
10/01/2025	 00:05:12	0.00	0.00	0.00	0.00	0.00	0.00	0.00	0.00	0.00	0.00	0.00	0.00	0.00	0.00	0.00	0.00	
10/01/2025	 00:05:13	0.00	0.00	0.00	0.00	0.00	0.00	0.00	0.00	0.00	0.00	0.00	0.00	0.00	0.00	0.00	0.00	
10/01/2025	 00:05:14	0.00	0.00	0.00	0.00	0.00	0.00	0.00	0.00	0.00	0.00	0.00	0.00	0.00	0.00	0.00	0.00	
10/01/2025	 00:05:15	0.00	0.00	0.00	0.00	0.00	0.00	0.00	0.00	0.00	0.00	0.00	0.00	0.00	0.00	0.00	0.00	
10/01/2025	 00:05:16	0.00	0.00	0.00	0.00	0.00	0.00	0.00	0.00	0.00	0.00	0.00	0.00	0.00	0.00	0.00	0.00	
10/01/2025	 00:05:17	0.00	0.00	0.00	0.00	0.00	0.00	0.00	0.00	0.00	0.00	0.00	0.00	0.00	0.00	0.00	0.00	
10/01/2025	 00:05:18	0.00	0.00	0.00	0.00	0.00	0.00	0.00	0.00	0.00	0.00	0.00	0.00	0.00	0.00	0.00	0.00	
10/01/2025	 00:05:19	0.00	0.00	0.00	0.00	0.00	0.00	0.00	0.00	0.00	0.00	0.00	0.00	0.00	0.00	0.00	0.00	
10/01/2025	 00:05:20	0.00	0.00	0.00	0.00	0.00	0.00	0.00	0.00	0.00	0.00	0.00	0.00	0.00	0.00	0.00	0.00	
10/01/2025	 00:05:21	0.00	0.00	0.00	0.00	0.00	0.00	0.00	0.00	0.00	0.00	0.00	0.00	0.00	0.00	0.00	0.00	
10/01/2025	 00:05:22	0.00	0.00	0.00	0.00	0.00	0.00	0.00	0.00	0.00	0.00	0.00	0.00	0.00	0.00	0.00	0.00	
10/01/2025	 00:05:23	0.00	0.00	0.00	0.00	0.00	0.00	0.00	0.00	0.00	0.00	0.00	0.00	0.00	0.00	0.00	0.00	
10/01/2025	 00:05:24	0.00	0.00	0.00	0.00	0.00	0.00	0.00	0.00	0.00	0.00	0.00	0.00	0.00	0.00	0.00	0.00	
10/01/2025	 00:05:25	0.00	0.00	0.00	0.00	0.00	0.00	0.00	0.00	0.00	0.00	0.00	0.00	0.00	0.00	0.00	0.00	
10/01/2025	 00:05:26	0.00	0.00	0.00	0.00	0.00	0.00	0.00	0.00	0.00	0.00	0.00	0.00	0.00	0.00	0.00	0.00	
10/01/2025	 00:05:27	0.00	0.00	0.00	0.00	0.00	0.00	0.00	0.00	0.00	0.00	0.00	0.00	0.00	0.00	0.00	0.00	
10/01/2025	 00:05:28	0.00	0.00	0.00	0.00	0.00	0.00	0.00	0.00	0.00	0.00	0.00	0.00	0.00	0.00	0.00	0.00	
10/01/2025	 00:05:29	0.00	0.00	0.00	0.00	0.00	0.00	0.00	0.00	0.00	0.00	0.00	0.00	0.00	0.00	0.00	0.00	
10/01/2025	 00:05:30	0.00	0.00	0.00	0.00	0.00	0.00	0.00	0.00	0.00	0.00	0.00	0.00	0.00	0.00	0.00	0.00	
10/01/2025	 00:05:31	0.00	0.00	0.00	0.00	0.00	0.00	0.00	0.00	0.00	0.00	0.00	0.00	0.00	0.00	0.00	0.00	
10/01/2025	 00:05:32	0.00	0.00	0.00	0.00	0.00	0.00	0.00	0.00	0.00	0.00	0.00	0.00	0.00	0.00	0.00	0.00	
10/01/2025	 00:05:33	0.00	0.00	0.00	0.00	0.00	0.00	0.00	0.00	0.00	0.00	0.00	0.00	0.00	0.00	0.00	0.00	
10/01/2025	 00:05:34	0.00	0.00	0.00	0.00	0.00	0.00	0.00	0.00	0.00	0.00	0.00	0.00	0.00	0.00	0.00	0.00	
10/01/2025	 00:05:35	0.00	0.00	0.00	0.00	0.00	0.00	0.00	0.00	0.00	0.00	0.00	0.00	0.00	0.00	0.00	0.00	
10/01/2025	 00:05:36	0.00	0.00	0.00	0.00	0.00	0.00	0.00	0.00	0.00	0.00	0.00	0.00	0.00	0.00	0.00	0.00	
10/01/2025	 00:05:37	0.00	0.00	0.00	0.00	0.00	0.00	0.00	0.00	0.00	0.00	0.00	0.00	0.00	0.00	0.00	0.00	
10/01/2025	 00:05:38	0.00	0.00	0.00	0.00	0.00	0.00	0.00	0.00	0.00	0.00	0.00	0.00	0.00	0.00	0.00	0.00	
10/01/2025	 00:05:39	0.00	0.00	0.00	0.00	0.00	0.00	0.00	0.00	0.00	0.00	0.00	0.00	0.00	0.00	0.00	0.00	
10/01/2025	 00:05:40	0.00	0.00	0.00	0.00	0.00	0.00	0.00	0.00	0.00	0.00	0.00	0.00	0.00	0.00	0.00	0.00	
10/01/2025	 00:05:41	0.00	0.00	0.00	0.00	0.00	0.00	0.00	0.00	0.00	0.00	0.00	0.00	0.00	0.00	0.00	0.00	
10/01/2025	 00:05:42	0.00	0.00	0.00	0.00	0.00	0.00	0.00	0.00	0.00	0.00	0.00	0.00	0.00	0.00	0.00	0.00	
10/01/2025	 00:05:43	0.00	0.00	0.00	0.00	0.00	0.00	0.00	0.00	0.00	0.00	0.00	0.00	0.00	0.00	0.00	0.00	
10/01/2025	 00:05:44	0.00	0.00	0.00	0.00	0.00	0.00	0.00	0.00	0.00	0.00	0.00	0.00	0.00	0.00	0.00	0.00	
10/01/2025	 00:05:45	0.00	0.00	0.00	0.00	0.00	0.00	0.00	0.00	0.00	0.00	0.00	0.00	0.00	0.00	0.00	0.00	
10/01/2025	 00:05:46	0.00	0.00	0.00	0.00	0.00	0.00	0.00	0.00	0.00	0.00	0.00	0.00	0.00	0.00	0.00	0.00	
10/01/2025	 00:05:47	0.00	0.00	0.00	0.00	0.00	0.00	0.00	0.00	0.00	0.00	0.00	0.00	0.00	0.00	0.00	0.00	
10/01/2025	 00:05:48	0.00	0.00	0.00	0.00	0.00	0.00	0.00	0.00	0.00	0.00	0.00	0.00	0.00	0.00	0.00	0.00	
10/01/2025	 00:05:49	0.00	0.00	0.00	0.00	0.00	0.00	0.00	0.00	0.00	0.00	0.00	0.00	0.00	0.00	0.00	0.00	
10/01/2025	 00:05:50	0.00	0.00	0.00	0.00	0.00	0.00	0.00	0.00	0.00	0.00	0.00	0.00	0.00	0.00	0.00	0.00	
10/01/2025	 00:05:51	0.00	0.00	0.00	0.00	0.00	0.00	0.00	0.00	0.00	0.00	0.00	0.00	0.00	0.00	0.00	0.00	
10/01/2025	 00:05:52	0.00	0.00	0.00	0.00	0.00	0.00	0.00	0.00	0.00	0.00	0.00	0.00	0.00	0.00	0.00	0.00	
10/01/2025	 00:05:53	0.00	0.00	0.00	0.00	0.00	0.00	0.00	0.00	0.00	0.00	0.00	0.00	0.00	0.00	0.00	0.00	
10/01/2025	 00:05:54	0.00	0.00	0.00	0.00	0.00	0.00	0.00	0.00	0.00	0.00	0.00	0.00	0.00	0.00	0.00	0.00	
10/01/2025	 00:05:55	0.00	0.00	0.00	0.00	0.00	0.00	0.00	0.00	0.00	0.00	0.00	0.00	0.00	0.00	0.00	0.00	
10/01/2025	 00:05:56	0.00	0.00	0.00	0.00	0.00	0.00	0.00	0.00	0.00	0.00	0.00	0.00	0.00	0.00	0.00	0.00	
10/01/2025	 00:05:57	0.00	0.00	0.00	0.00	0.00	0.00	0.00	0.00	0.00	0.00	0.00	0.00	0.00	0.00	0.00	0.00	
10/01/2025	 00:05:58	0.00	0.00	0.00	0.00	0.00	0.00	0.00	0.00	0.00	0.00	0.00	0.00	0.00	0.00	0.00	0.00	
10/01/2025	 00:05:59	0.00	0.00	0.00	0.00	0.00	0.00	0.00	0.00	0.00	0.00	0.00	0.00	0.00	0.00	0.00	0.00	
10/01/2025	 00:06:00	0.00	0.00	0.00	0.00	0.00	0.00	0.00	0.00	0.00	0.00	0.00	0.00	0.00	0.00	0.00	0.00	
10/01/2025	 00:06:01	0.00	0.00	0.00	0.00	0.00	0.00	0.00	0.00	0.00	0.00	0.00	0.00	0.00	0.00	0.00	0.00	
10/01/2025	 00:06:02	0.00	0.00	0.00	0.00	0.00	0.00	0.00	0.00	0.00	0.00	0.00	0.00	0.00	0.00	0.00	0.00	
10/01/2025	 00:06:03	0.00	0.00	0.00	0.00	0.00	0.00	0.00	0.00	0.00	0.00	0.00	0.00	0.00	0.00	0.00	0.00	
10/01/2025	 00:06:04	0.00	0.00	0.00	0.00	0.00	0.00	0.00	0.00	0.00	0.00	0.00	0.00	0.00	0.00	0.00	0.00	
10/01/2025	 00:06:05	0.00	0.00	0.00	0.00	0.00	0.00	0.00	0.00	0.00	0.00	0.00	0.00	0.00	0.00	0.00	0.00	
10/01/2025	 00:06:06	0.00	0.00	0.00	0.00	0.00	0.00	0.00	0.00	0.00	0.00	0.00	0.00	0.00	0.00	0.00	0.00	
10/01/2025	 00:06:07	0.00	0.00	0.00	0.00	0.00	0.00	0.00	0.00	0.00	0.00	0.00	0.00	0.00	0.00	0.00	0.00	
10/01/2025	 00:06:08	0.00	0.00	0.00	0.00	0.00	0.00	0.00	0.00	0.00	0.00	0.00	0.00	0.00	0.00	0.00	0.00	
10/01/2025	 00:06:09	0.00	0.00	0.00	0.00	0.00	0.00	0.00	0.00	0.00	0.00	0.00	0.00	0.00	0.00	0.00	0.00	
10/01/2025	 00:06:10	0.00	0.00	0.00	0.00	0.00	0.00	0.00	0.00	0.00	0.00	0.00	0.00	0.00	0.00	0.00	0.00	
10/01/2025	 00:06:11	0.00	0.00	0.00	0.00	0.00	0.00	0.00	0.00	0.00	0.00	0.00	0.00	0.00	0.00	0.00	0.00	
10/01/2025	 00:06:12	0.00	0.00	0.00	0.00	0.00	0.00	0.00	0.00	0.00	0.00	0.00	0.00	0.00	0.00	0.00	0.00	
10/01/2025	 00:06:13	0.00	0.00	0.00	0.00	0.00	0.00	0.00	0.00	0.00	0.00	0.00	0.00	0.00	0.00	0.00	0.00	
10/01/2025	 00:06:14	0.00	0.00	0.00	0.00	0.00	0.00	0.00	0.00	0.00	0.00	0.00	0.00	0.00	0.00	0.00	0.00	
10/01/2025	 00:06:15	0.00	0.00	0.00	0.00	0.00	0.00	0.00	0.00	0.00	0.00	0.00	0.00	0.00	0.00	0.00	0.00	
10/01/2025	 00:06:16	0.00	0.00	0.00	0.00	0.00	0.00	0.00	0.00	0.00	0.00	0.00	0.00	0.00	0.00	0.00	0.00	
10/01/2025	 00:06:17	0.00	0.00	0.00	0.00	0.00	0.00	0.00	0.00	0.00	0.00	0.00	0.00	0.00	0.00	0.00	0.00	
10/01/2025	 00:06:18	0.00	0.00	0.00	0.00	0.00	0.00	0.00	0.00	0.00	0.00	0.00	0.00	0.00	0.00	0.00	0.00	
10/01/2025	 00:06:19	0.00	0.00	0.00	0.00	0.00	0.00	0.00	0.00	0.00	0.00	0.00	0.00	0.00	0.00	0.00	0.00	
10/01/2025	 00:06:20	0.00	0.00	0.00	0.00	0.00	0.00	0.00	0.00	0.00	0.00	0.00	0.00	0.00	0.00	0.00	0.00	
10/01/2025	 00:06:21	0.00	0.00	0.00	0.00	0.00	0.00	0.00	0.00	0.00	0.00	0.00	0.00	0.00	0.00	0.00	0.00	
10/01/2025	 00:06:22	0.00	0.00	0.00	0.00	0.00	0.00	0.00	0.00	0.00	0.00	0.00	0.00	0.00	0.00	0.00	0.00	
10/01/2025	 00:06:23	0.00	0.00	0.00	0.00	0.00	0.00	0.00	0.00	0.00	0.00	0.00	0.00	0.00	0.00	0.00	0.00	
10/01/2025	 00:06:24	0.00	0.00	0.00	0.00	0.00	0.00	0.00	0.00	0.00	0.00	0.00	0.00	0.00	0.00	0.00	0.00	
10/01/2025	 00:06:25	0.00	0.00	0.00	0.00	0.00	0.00	0.00	0.00	0.00	0.00	0.00	0.00	0.00	0.00	0.00	0.00	
10/01/2025	 00:06:26	0.00	0.00	0.00	0.00	0.00	0.00	0.00	0.00	0.00	0.00	0.00	0.00	0.00	0.00	0.00	0.00	
10/01/2025	 00:06:27	0.00	0.00	0.00	0.00	0.00	0.00	0.00	0.00	0.00	0.00	0.00	0.00	0.00	0.00	0.00	0.00	
10/01/2025	 00:06:28	0.00	0.00	0.00	0.00	0.00	0.00	0.00	0.00	0.00	0.00	0.00	0.00	0.00	0.00	0.00	0.00	
10/01/2025	 00:06:29	0.00	0.00	0.00	0.00	0.00	0.00	0.00	0.00	0.00	0.00	0.00	0.00	0.00	0.00	0.00	0.00	
10/01/2025	 00:06:30	0.00	0.00	0.00	0.00	0.00	0.00	0.00	0.00	0.00	0.00	0.00	0.00	0.00	0.00	0.00	0.00	
10/01/2025	 00:06:31	0.00	0.00	0.00	0.00	0.00	0.00	0.00	0.00	0.00	0.00	0.00	0.00	0.00	0.00	0.00	0.00	
10/01/2025	 00:06:32	0.00	0.00	0.00	0.00	0.00	0.00	0.00	0.00	0.00	0.00	0.00	0.00	0.00	0.00	0.00	0.00	
10/01/2025	 00:06:33	0.00	0.00	0.00	0.00	0.00	0.00	0.00	0.00	0.00	0.00	0.00	0.00	0.00	0.00	0.00	0.00	
10/01/2025	 00:06:34	0.00	0.00	0.00	0.00	0.00	0.00	0.00	0.00	0.00	0.00	0.00	0.00	0.00	0.00	0.00	0.00	
10/01/2025	 00:06:35	0.00	0.00	0.00	0.00	0.00	0.00	0.00	0.00	0.00	0.00	0.00	0.00	0.00	0.00	0.00	0.00	
10/01/2025	 00:10:56	8.13	17.34	14.31	53.75	76.95	8.13	8.13	76.95	76.95	76.95	76.95	76.95	76.95	76.95	76.95	76.95	
10/01/2025	 00:10:57	8.45	16.13	14.16	59.87	78.11	8.45	8.45	78.11	78.11	78.11	78.11	78.11	78.11	78.11	78.11	78.11	
10/01/2025	 00:10:58	8.13	17.19	14.00	55.98	76.08	8.13	8.13	76.08	76.08	76.08	76.08	76.08	76.08	76.08	76.08	76.08	
10/01/2025	 00:10:59	8.08	17.23	14.11	55.64	70.17	8.08	8.08	70.17	70.17	70.17	70.17	70.17	70.17	70.17	70.17	70.17	
10/01/2025	 00:11:00	8.47	17.41	14.21	52.79	80.44	8.47	8.47	80.44	80.44	80.44	80.44	80.44	80.44	80.44	80.44	80.44	
10/01/2025	 00:11:01	8.32	16.74	14.25	52.93	77.55	8.32	8.32	77.55	77.55	77.55	77.55	77.55	77.55	77.55	77.55	77.55	
10/01/2025	 00:11:02	8.29	16.35	14.19	56.89	72.80	8.29	8.29	72.80	72.80	72.80	72.80	72.80	72.80	72.80	72.80	72.80	
10/01/2025	 00:11:03	8.04	16.85	14.11	54.96	79.58	8.04	8.04	79.58	79.58	79.58	79.58	79.58	79.58	79.58	79.58	79.58	
10/01/2025	 00:11:04	8.30	17.07	14.46	59.44	76.52	8.30	8.30	76.52	76.52	76.52	76.52	76.52	76.52	76.52	76.52	76.52	
10/01/2025	 00:11:05	8.06	17.45	14.23	53.28	78.54	8.06	8.06	78.54	78.54	78.54	78.54	78.54	78.54	78.54	78.54	78.54	
10/01/2025	 00:11:06	8.24	16.11	14.32	53.96	71.78	8.24	8.24	71.78	71.78	71.78	71.78	71.78	71.78	71.78	71.78	71.78	
10/01/2025	 00:11:07	8.47	17.28	14.19	53.71	80.33	8.47	8.47	80.33	80.33	80.33	80.33	80.33	80.33	80.33	80.33	80.33	
10/01/2025	 00:11:08	8.27	16.96	14.32	56.89	75.68	8.27	8.27	75.68	75.68	75.68	75.68	75.68	75.68	75.68	75.68	75.68	
10/01/2025	 00:11:09	8.43	17.00	14.31	57.70	75.08	8.43	8.43	75.08	75.08	75.08	75.08	75.08	75.08	75.08	75.08	75.08	
10/01/2025	 00:11:10	8.12	16.14	14.21	59.02	80.23	8.12	8.12	80.23	80.23	80.23	80.23	80.23	80.23	80.23	80.23	80.23	
10/01/2025	 00:11:11	8.26	16.62	14.08	57.11	74.90	8.26	8.26	74.90	74.90	74.90	74.90	74.90	74.90	74.90	74.90	74.90	
10/01/2025	 00:11:12	8.12	16.26	14.03	60.10	73.99	8.12	8.12	73.99	73.99	73.99	73.99	73.99	73.99	73.99	73.99	73.99	
10/01/2025	 00:11:13	8.44	17.02	14.29	59.70	71.78	8.44	8.44	71.78	71.78	71.78	71.78	71.78	71.78	71.78	71.78	71.78	
10/01/2025	 00:11:14	8.26	17.07	14.27	53.20	78.78	8.26	8.26	78.78	78.78	78.78	78.78	78.78	78.78	78.78	78.78	78.78	
10/01/2025	 00:11:15	8.41	17.21	14.27	54.75	70.39	8.41	8.41	70.39	70.39	70.39	70.39	70.39	70.39	70.39	70.39	70.39	
10/01/2025	 00:11:16	8.49	16.43	14.11	55.66	76.78	8.49	8.49	76.78	76.78	76.78	76.78	76.78	76.78	76.78	76.78	76.78	
10/01/2025	 00:11:17	8.33	16.52	14.02	58.05	70.58	8.33	8.33	70.58	70.58	70.58	70.58	70.58	70.58	70.58	70.58	70.58	
10/01/2025	 00:11:18	8.08	16.66	14.21	50.44	78.18	8.08	8.08	78.18	78.18	78.18	78.18	78.18	78.18	78.18	78.18	78.18	
10/01/2025	 00:11:19	8.44	16.39	14.13	53.32	71.54	8.44	8.44	71.54	71.54	71.54	71.54	71.54	71.54	71.54	71.54	71.54	
10/01/2025	 00:11:20	8.48	16.13	14.28	51.03	74.84	8.48	8.48	74.84	74.84	74.84	74.84	74.84	74.84	74.84	74.84	74.84	
10/01/2025	 00:11:21	8.35	16.67	14.39	55.76	76.67	8.35	8.35	76.67	76.67	76.67	76.67	76.67	76.67	76.67	76.67	76.67	
10/01/2025	 00:11:22	8.44	16.54	14.19	59.68	78.75	8.44	8.44	78.75	78.75	78.75	78.75	78.75	78.75	78.75	78.75	78.75	
10/01/2025	 00:11:23	8.37	16.25	14.36	52.71	74.72	8.37	8.37	74.72	74.72	74.72	74.72	74.72	74.72	74.72	74.72	74.72	
10/01/2025	 00:11:24	8.50	16.29	14.38	53.58	74.70	8.50	8.50	74.70	74.70	74.70	74.70	74.70	74.70	74.70	74.70	74.70	
10/01/2025	 00:11:25	8.21	16.69	14.48	56.51	80.15	8.21	8.21	80.15	80.15	80.15	80.15	80.15	80.15	80.15	80.15	80.15	
10/01/2025	 00:11:26	8.44	16.18	14.11	53.05	75.29	8.44	8.44	75.29	75.29	75.29	75.29	75.29	75.29	75.29	75.29	75.29	
10/01/2025	 00:11:27	8.06	17.23	14.08	54.82	72.90	8.06	8.06	72.90	72.90	72.90	72.90	72.90	72.90	72.90	72.90	72.90	
10/01/2025	 00:11:28	8.25	17.45	14.15	53.91	79.60	8.25	8.25	79.60	79.60	79.60	79.60	79.60	79.60	79.60	79.60	79.60	
10/01/2025	 00:11:29	8.20	16.54	14.49	53.53	76.38	8.20	8.20	76.38	76.38	76.38	76.38	76.38	76.38	76.38	76.38	76.38	
10/01/2025	 00:11:30	8.35	16.17	14.01	51.31	75.97	8.35	8.35	75.97	75.97	75.97	75.97	75.97	75.97	75.97	75.97	75.97	
10/01/2025	 00:11:31	8.28	16.84	14.07	51.58	74.47	8.28	8.28	74.47	74.47	74.47	74.47	74.47	74.47	74.47	74.47	74.47	
10/01/2025	 00:11:32	8.08	17.30	14.46	55.32	78.49	8.08	8.08	78.49	78.49	78.49	78.49	78.49	78.49	78.49	78.49	78.49	
10/01/2025	 00:11:33	8.13	16.46	14.31	53.35	75.49	8.13	8.13	75.49	75.49	75.49	75.49	75.49	75.49	75.49	75.49	75.49	
10/01/2025	 00:11:34	8.19	16.28	14.14	53.60	75.03	8.19	8.19	75.03	75.03	75.03	75.03	75.03	75.03	75.03	75.03	75.03	
10/01/2025	 00:11:35	8.43	16.23	14.31	54.59	71.47	8.43	8.43	71.47	71.47	71.47	71.47	71.47	71.47	71.47	71.47	71.47	
10/01/2025	 00:11:36	8.27	16.23	14.36	50.06	77.55	8.27	8.27	77.55	77.55	77.55	77.55	77.55	77.55	77.55	77.55	77.55	
10/01/2025	 00:11:37	8.11	17.15	14.48	50.15	79.64	8.11	8.11	79.64	79.64	79.64	79.64	79.64	79.64	79.64	79.64	79.64	
10/01/2025	 00:11:38	8.38	16.14	14.15	59.14	72.01	8.38	8.38	72.01	72.01	72.01	72.01	72.01	72.01	72.01	72.01	72.01	
10/01/2025	 00:11:39	8.11	16.47	14.39	58.10	70.95	8.11	8.11	70.95	70.95	70.95	70.95	70.95	70.95	70.95	70.95	70.95	
10/01/2025	 00:11:40	8.29	16.96	14.11	56.65	73.60	8.29	8.29	73.60	73.60	73.60	73.60	73.60	73.60	73.60	73.60	73.60	
10/01/2025	 00:11:41	8.10	17.27	14.35	52.07	76.31	8.10	8.10	76.31	76.31	76.31	76.31	76.31	76.31	76.31	76.31	76.31	
10/01/2025	 00:11:42	8.10	16.22	14.50	57.19	79.29	8.10	8.10	79.29	79.29	79.29	79.29	79.29	79.29	79.29	79.29	79.29	
10/01/2025	 00:11:43	8.06	17.34	14.31	56.09	71.35	8.06	8.06	71.35	71.35	71.35	71.35	71.35	71.35	71.35	71.35	71.35	
10/01/2025	 00:11:44	8.45	16.71	14.33	58.02	75.59	8.45	8.45	75.59	75.59	75.59	75.59	75.59	75.59	75.59	75.59	75.59	
10/01/2025	 00:11:45	8.16	16.98	14.11	60.36	78.03	8.16	8.16	78.03	78.03	78.03	78.03	78.03	78.03	78.03	78.03	78.03	
10/01/2025	 00:11:46	8.30	16.78	14.32	57.77	72.21	8.30	8.30	72.21	72.21	72.21	72.21	72.21	72.21	72.21	72.21	72.21	
10/01/2025	 00:11:47	8.23	16.48	14.43	52.32	74.90	8.23	8.23	74.90	74.90	74.90	74.90	74.90	74.90	74.90	74.90	74.90	
10/01/2025	 00:11:48	8.03	17.24	14.09	52.20	73.42	8.03	8.03	73.42	73.42	73.42	73.42	73.42	73.42	73.42	73.42	73.42	
10/01/2025	 00:11:49	8.17	16.25	14.49	51.09	70.41	8.17	8.17	70.41	70.41	70.41	70.41	70.41	70.41	70.41	70.41	70.41	
10/01/2025	 00:11:50	8.29	17.30	14.02	57.10	78.50	8.29	8.29	78.50	78.50	78.50	78.50	78.50	78.50	78.50	78.50	78.50	
10/01/2025	 00:11:51	8.11	17.20	14.10	56.26	78.28	8.11	8.11	78.28	78.28	78.28	78.28	78.28	78.28	78.28	78.28	78.28	
10/01/2025	 00:11:52	8.28	17.07	14.07	55.65	70.77	8.28	8.28	70.77	70.77	70.77	70.77	70.77	70.77	70.77	70.77	70.77	
10/01/2025	 00:11:53	8.01	16.94	14.26	60.02	78.38	8.01	8.01	78.38	78.38	78.38	78.38	78.38	78.38	78.38	78.38	78.38	
10/01/2025	 00:11:54	8.14	16.78	14.50	60.04	76.92	8.14	8.14	76.92	76.92	76.92	76.92	76.92	76.92	76.92	76.92	76.92	
10/01/2025	 00:11:55	8.03	17.23	14.42	58.67	73.66	8.03	8.03	73.66	73.66	73.66	73.66	73.66	73.66	73.66	73.66	73.66	
10/01/2025	 00:11:56	8.38	16.72	14.11	52.47	70.03	8.38	8.38	70.03	70.03	70.03	70.03	70.03	70.03	70.03	70.03	70.03	
10/01/2025	 00:11:57	8.19	17.42	14.22	57.98	75.39	8.19	8.19	75.39	75.39	75.39	75.39	75.39	75.39	75.39	75.39	75.39	
10/01/2025	 00:11:58	8.30	17.26	14.01	55.28	74.82	8.30	8.30	74.82	74.82	74.82	74.82	74.82	74.82	74.82	74.82	74.82	
10/01/2025	 00:11:59	8.07	17.12	14.39	57.28	78.57	8.07	8.07	78.57	78.57	78.57	78.57	78.57	78.57	78.57	78.57	78.57	
10/01/2025	 00:12:00	8.49	16.83	14.33	55.29	71.52	8.49	8.49	71.52	71.52	71.52	71.52	71.52	71.52	71.52	71.52	71.52	
10/01/2025	 00:12:01	8.34	16.54	14.34	54.16	76.91	8.34	8.34	76.91	76.91	76.91	76.91	76.91	76.91	76.91	76.91	76.91	
10/01/2025	 00:12:02	8.19	16.47	14.25	51.32	76.21	8.19	8.19	76.21	76.21	76.21	76.21	76.21	76.21	76.21	76.21	76.21	
10/01/2025	 00:12:03	8.46	16.81	14.47	57.75	77.24	8.46	8.46	77.24	77.24	77.24	77.24	77.24	77.24	77.24	77.24	77.24	
10/01/2025	 00:12:04	8.39	16.43	14.10	59.20	72.07	8.39	8.39	72.07	72.07	72.07	72.07	72.07	72.07	72.07	72.07	72.07	
10/01/2025	 00:12:05	8.17	17.44	14.45	51.08	77.77	8.17	8.17	77.77	77.77	77.77	77.77	77.77	77.77	77.77	77.77	77.77	
10/01/2025	 00:12:06	8.36	16.04	14.05	59.77	77.06	8.36	8.36	77.06	77.06	77.06	77.06	77.06	77.06	77.06	77.06	77.06	
10/01/2025	 00:12:07	8.01	16.84	14.09	54.36	76.37	8.01	8.01	76.37	76.37	76.37	76.37	76.37	76.37	76.37	76.37	76.37	
10/01/2025	 00:12:08	8.40	16.82	14.14	54.03	72.53	8.40	8.40	72.53	72.53	72.53	72.53	72.53	72.53	72.53	72.53	72.53	
10/01/2025	 00:12:09	8.37	16.09	14.23	59.18	74.16	8.37	8.37	74.16	74.16	74.16	74.16	74.16	74.16	74.16	74.16	74.16	
10/01/2025	 00:12:10	8.36	16.28	14.20	57.20	79.20	8.36	8.36	79.20	79.20	79.20	79.20	79.20	79.20	79.20	79.20	79.20	
10/01/2025	 00:12:11	8.14	17.06	14.35	56.36	79.49	8.14	8.14	79.49	79.49	79.49	79.49	79.49	79.49	79.49	79.49	79.49	
10/01/2025	 00:12:12	8.24	16.30	14.17	56.61	76.00	8.24	8.24	76.00	76.00	76.00	76.00	76.00	76.00	76.00	76.00	76.00	
10/01/2025	 00:12:13	8.30	16.92	14.16	54.17	77.37	8.30	8.30	77.37	77.37	77.37	77.37	77.37	77.37	77.37	77.37	77.37	
10/01/2025	 00:12:14	8.27	17.22	14.19	56.48	71.17	8.27	8.27	71.17	71.17	71.17	71.17	71.17	71.17	71.17	71.17	71.17	
10/01/2025	 00:12:15	8.08	17.04	14.49	56.52	72.51	8.08	8.08	72.51	72.51	72.51	72.51	72.51	72.51	72.51	72.51	72.51	
10/01/2025	 00:12:16	8.49	16.25	14.39	50.80	73.95	8.49	8.49	73.95	73.95	73.95	73.95	73.95	73.95	73.95	73.95	73.95	
10/01/2025	 00:12:17	8.21	16.76	14.02	55.28	71.12	8.21	8.21	71.12	71.12	71.12	71.12	71.12	71.12	71.12	71.12	71.12	
10/01/2025	 00:12:18	8.29	16.04	14.08	51.49	70.04	8.29	8.29	70.04	70.04	70.04	70.04	70.04	70.04	70.04	70.04	70.04	
10/01/2025	 00:12:19	8.50	16.43	14.15	54.11	78.62	8.50	8.50	78.62	78.62	78.62	78.62	78.62	78.62	78.62	78.62	78.62	
10/01/2025	 00:12:20	8.05	17.28	14.12	57.09	78.07	8.05	8.05	78.07	78.07	78.07	78.07	78.07	78.07	78.07	78.07	78.07	
10/01/2025	 00:12:21	8.29	16.81	14.05	51.70	79.54	8.29	8.29	79.54	79.54	79.54	79.54	79.54	79.54	79.54	79.54	79.54	
10/01/2025	 00:12:22	8.10	16.98	14.43	57.56	71.88	8.10	8.10	71.88	71.88	71.88	71.88	71.88	71.88	71.88	71.88	71.88	
10/01/2025	 00:12:23	8.46	16.83	14.13	50.95	76.59	8.46	8.46	76.59	76.59	76.59	76.59	76.59	76.59	76.59	76.59	76.59	
10/01/2025	 00:12:24	8.26	17.02	14.22	58.34	73.20	8.26	8.26	73.20	73.20	73.20	73.20	73.20	73.20	73.20	73.20	73.20	
10/01/2025	 00:12:25	8.20	16.31	14.21	55.96	71.08	8.20	8.20	71.08	71.08	71.08	71.08	71.08	71.08	71.08	71.08	71.08	
10/01/2025	 00:12:26	8.27	16.03	14.03	52.06	77.25	8.27	8.27	77.25	77.25	77.25	77.25	77.25	77.25	77.25	77.25	77.25	
10/01/2025	 00:12:27	8.26	17.02	14.42	52.78	73.98	8.26	8.26	73.98	73.98	73.98	73.98	73.98	73.98	73.98	73.98	73.98	
10/01/2025	 00:12:28	8.13	16.35	14.24	53.09	70.25	8.13	8.13	70.25	70.25	70.25	70.25	70.25	70.25	70.25	70.25	70.25	
10/01/2025	 00:12:29	8.30	16.59	14.18	53.23	79.80	8.30	8.30	79.80	79.80	79.80	79.80	79.80	79.80	79.80	79.80	79.80	
10/01/2025	 00:12:30	8.38	17.19	14.00	50.23	80.32	8.38	8.38	80.32	80.32	80.32	80.32	80.32	80.32	80.32	80.32	80.32	
10/01/2025	 00:12:31	8.37	16.56	14.19	57.08	73.85	8.37	8.37	73.85	73.85	73.85	73.85	73.85	73.85	73.85	73.85	73.85	
10/01/2025	 00:12:32	8.49	16.66	14.17	50.19	72.39	8.49	8.49	72.39	72.39	72.39	72.39	72.39	72.39	72.39	72.39	72.39	
10/01/2025	 00:12:33	8.03	16.85	14.11	50.38	79.94	8.03	8.03	79.94	79.94	79.94	79.94	79.94	79.94	79.94	79.94	79.94	
10/01/2025	 00:12:34	8.43	16.65	14.24	57.93	74.81	8.43	8.43	74.81	74.81	74.81	74.81	74.81	74.81	74.81	74.81	74.81	
10/01/2025	 00:12:35	8.05	17.10	14.33	58.87	77.52	8.05	8.05	77.52	77.52	77.52	77.52	77.52	77.52	77.52	77.52	77.52	
10/01/2025	 00:12:36	8.39	16.43	14.48	59.29	73.98	8.39	8.39	73.98	73.98	73.98	73.98	73.98	73.98	73.98	73.98	73.98	
10/01/2025	 00:12:37	8.44	16.67	14.21	55.08	76.23	8.44	8.44	76.23	76.23	76.23	76.23	76.23	76.23	76.23	76.23	76.23	
10/01/2025	 00:12:38	8.28	16.26	14.49	53.82	73.72	8.28	8.28	73.72	73.72	73.72	73.72	73.72	73.72	73.72	73.72	73.72	
10/01/2025	 00:12:39	8.30	17.17	14.28	55.92	73.80	8.30	8.30	73.80	73.80	73.80	73.80	73.80	73.80	73.80	73.80	73.80	
10/01/2025	 00:12:40	8.47	16.34	14.44	58.12	72.98	8.47	8.47	72.98	72.98	72.98	72.98	72.98	72.98	72.98	72.98	72.98	
10/01/2025	 00:12:41	8.25	17.47	14.27	52.13	78.81	8.25	8.25	78.81	78.81	78.81	78.81	78.81	78.81	78.81	78.81	78.81	
10/01/2025	 00:14:11	8.29	17.09	14.07	51.54	74.53	8.29	8.29	74.53	74.53	74.53	74.53	74.53	74.53	74.53	74.53	74.53	
10/01/2025	 00:14:12	8.46	16.02	14.17	54.28	72.10	8.46	8.46	72.10	72.10	72.10	72.10	72.10	72.10	72.10	72.10	72.10	
10/01/2025	 00:14:13	8.14	17.46	14.43	57.21	79.16	8.14	8.14	79.16	79.16	79.16	79.16	79.16	79.16	79.16	79.16	79.16	
10/01/2025	 00:14:14	8.16	17.10	14.31	50.92	73.96	8.16	8.16	73.96	73.96	73.96	73.96	73.96	73.96	73.96	73.96	73.96	
10/01/2025	 00:14:15	8.46	16.49	14.47	50.57	70.38	8.46	8.46	70.38	70.38	70.38	70.38	70.38	70.38	70.38	70.38	70.38	
10/01/2025	 00:14:16	8.37	16.65	14.29	55.28	71.40	8.37	8.37	71.40	71.40	71.40	71.40	71.40	71.40	71.40	71.40	71.40	
10/01/2025	 00:14:17	8.26	17.37	14.41	50.78	72.66	8.26	8.26	72.66	72.66	72.66	72.66	72.66	72.66	72.66	72.66	72.66	
10/01/2025	 00:14:18	8.49	16.44	14.38	60.07	73.58	8.49	8.49	73.58	73.58	73.58	73.58	73.58	73.58	73.58	73.58	73.58	
10/01/2025	 00:14:19	8.15	16.11	14.32	60.22	76.52	8.15	8.15	76.52	76.52	76.52	76.52	76.52	76.52	76.52	76.52	76.52	
10/01/2025	 00:14:20	8.43	16.68	14.45	50.68	70.01	8.43	8.43	70.01	70.01	70.01	70.01	70.01	70.01	70.01	70.01	70.01	
10/01/2025	 00:14:21	8.01	16.53	14.17	57.90	75.73	8.01	8.01	75.73	75.73	75.73	75.73	75.73	75.73	75.73	75.73	75.73	
10/01/2025	 00:14:22	8.46	16.83	14.26	56.08	72.87	8.46	8.46	72.87	72.87	72.87	72.87	72.87	72.87	72.87	72.87	72.87	
10/01/2025	 00:14:23	8.09	17.33	14.18	57.81	78.61	8.09	8.09	78.61	78.61	78.61	78.61	78.61	78.61	78.61	78.61	78.61	
10/01/2025	 00:14:24	8.39	16.24	14.19	56.38	72.15	8.39	8.39	72.15	72.15	72.15	72.15	72.15	72.15	72.15	72.15	72.15	
10/01/2025	 00:14:25	8.14	16.62	14.04	55.02	72.55	8.14	8.14	72.55	72.55	72.55	72.55	72.55	72.55	72.55	72.55	72.55	
10/01/2025	 00:14:26	8.42	17.04	14.09	57.99	74.40	8.42	8.42	74.40	74.40	74.40	74.40	74.40	74.40	74.40	74.40	74.40	
10/01/2025	 00:14:27	8.03	16.94	14.08	59.00	73.12	8.03	8.03	73.12	73.12	73.12	73.12	73.12	73.12	73.12	73.12	73.12	
10/01/2025	 00:14:28	8.38	17.09	14.33	58.20	71.91	8.38	8.38	71.91	71.91	71.91	71.91	71.91	71.91	71.91	71.91	71.91	
10/01/2025	 00:14:29	8.22	16.88	14.36	52.72	70.61	8.22	8.22	70.61	70.61	70.61	70.61	70.61	70.61	70.61	70.61	70.61	
10/01/2025	 00:14:30	8.29	16.82	14.32	54.12	78.67	8.29	8.29	78.67	78.67	78.67	78.67	78.67	78.67	78.67	78.67	78.67	
10/01/2025	 00:14:31	8.11	16.23	14.22	54.24	80.36	8.11	8.11	80.36	80.36	80.36	80.36	80.36	80.36	80.36	80.36	80.36	
10/01/2025	 00:14:32	8.12	17.15	14.13	57.07	70.48	8.12	8.12	70.48	70.48	70.48	70.48	70.48	70.48	70.48	70.48	70.48	
10/01/2025	 00:14:33	8.00	16.88	14.29	54.40	71.02	8.00	8.00	71.02	71.02	71.02	71.02	71.02	71.02	71.02	71.02	71.02	
10/01/2025	 00:14:34	8.46	17.48	14.14	52.43	71.16	8.46	8.46	71.16	71.16	71.16	71.16	71.16	71.16	71.16	71.16	71.16	
10/01/2025	 00:14:35	8.24	16.30	14.35	60.00	77.60	8.24	8.24	77.60	77.60	77.60	77.60	77.60	77.60	77.60	77.60	77.60	
10/01/2025	 00:14:36	8.25	16.37	14.24	50.86	74.09	8.25	8.25	74.09	74.09	74.09	74.09	74.09	74.09	74.09	74.09	74.09	
10/01/2025	 00:14:37	8.37	16.31	14.13	51.24	75.16	8.37	8.37	75.16	75.16	75.16	75.16	75.16	75.16	75.16	75.16	75.16	
10/01/2025	 00:14:38	8.08	16.64	14.38	54.44	78.26	8.08	8.08	78.26	78.26	78.26	78.26	78.26	78.26	78.26	78.26	78.26	
10/01/2025	 00:23:21	0.00	0.00	0.00	0.00	0.00	0.00	0.00	0.00	0.00	0.00	0.00	0.00	0.00	0.00	0.00	0.00	
10/01/2025	 00:23:22	0.00	0.00	0.00	0.00	0.00	0.00	0.00	0.00	0.00	0.00	0.00	0.00	0.00	0.00	0.00	0.00	
10/01/2025	 00:23:23	0.00	0.00	0.00	0.00	0.00	0.00	0.00	0.00	0.00	0.00	0.00	0.00	0.00	0.00	0.00	0.00	
10/01/2025	 00:23:24	0.00	0.00	0.00	0.00	0.00	0.00	0.00	0.00	0.00	0.00	0.00	0.00	0.00	0.00	0.00	0.00	
10/01/2025	 00:23:25	0.00	0.00	0.00	0.00	0.00	0.00	0.00	0.00	0.00	0.00	0.00	0.00	0.00	0.00	0.00	0.00	
10/01/2025	 00:23:26	0.00	0.00	0.00	0.00	0.00	0.00	0.00	0.00	0.00	0.00	0.00	0.00	0.00	0.00	0.00	0.00	
10/01/2025	 00:23:27	0.00	0.00	0.00	0.00	0.00	0.00	0.00	0.00	0.00	0.00	0.00	0.00	0.00	0.00	0.00	0.00	
10/01/2025	 00:23:28	0.00	0.00	0.00	0.00	0.00	0.00	0.00	0.00	0.00	0.00	0.00	0.00	0.00	0.00	0.00	0.00	
10/01/2025	 00:23:29	0.00	0.00	0.00	0.00	0.00	0.00	0.00	0.00	0.00	0.00	0.00	0.00	0.00	0.00	0.00	0.00	
10/01/2025	 00:23:30	0.00	0.00	0.00	0.00	0.00	0.00	0.00	0.00	0.00	0.00	0.00	0.00	0.00	0.00	0.00	0.00	
10/01/2025	 00:23:31	0.00	0.00	0.00	0.00	0.00	0.00	0.00	0.00	0.00	0.00	0.00	0.00	0.00	0.00	0.00	0.00	
10/01/2025	 00:23:32	0.00	0.00	0.00	0.00	0.00	0.00	0.00	0.00	0.00	0.00	0.00	0.00	0.00	0.00	0.00	0.00	
10/01/2025	 00:23:33	0.00	0.00	0.00	0.00	0.00	0.00	0.00	0.00	0.00	0.00	0.00	0.00	0.00	0.00	0.00	0.00	
10/01/2025	 00:23:34	0.00	0.00	0.00	0.00	0.00	0.00	0.00	0.00	0.00	0.00	0.00	0.00	0.00	0.00	0.00	0.00	
10/01/2025	 00:23:35	0.00	0.00	0.00	0.00	0.00	0.00	0.00	0.00	0.00	0.00	0.00	0.00	0.00	0.00	0.00	0.00	
10/01/2025	 00:23:36	0.00	0.00	0.00	0.00	0.00	0.00	0.00	0.00	0.00	0.00	0.00	0.00	0.00	0.00	0.00	0.00	
10/01/2025	 00:23:37	0.00	0.00	0.00	0.00	0.00	0.00	0.00	0.00	0.00	0.00	0.00	0.00	0.00	0.00	0.00	0.00	
10/01/2025	 00:23:38	0.00	0.00	0.00	0.00	0.00	0.00	0.00	0.00	0.00	0.00	0.00	0.00	0.00	0.00	0.00	0.00	
10/01/2025	 00:23:39	0.00	0.00	0.00	0.00	0.00	0.00	0.00	0.00	0.00	0.00	0.00	0.00	0.00	0.00	0.00	0.00	
10/01/2025	 00:23:40	0.00	0.00	0.00	0.00	0.00	0.00	0.00	0.00	0.00	0.00	0.00	0.00	0.00	0.00	0.00	0.00	
10/01/2025	 00:23:41	0.00	0.00	0.00	0.00	0.00	0.00	0.00	0.00	0.00	0.00	0.00	0.00	0.00	0.00	0.00	0.00	
10/01/2025	 00:23:42	0.00	0.00	0.00	0.00	0.00	0.00	0.00	0.00	0.00	0.00	0.00	0.00	0.00	0.00	0.00	0.00	
10/01/2025	 00:23:43	0.00	0.00	0.00	0.00	0.00	0.00	0.00	0.00	0.00	0.00	0.00	0.00	0.00	0.00	0.00	0.00	
10/01/2025	 00:23:44	0.00	0.00	0.00	0.00	0.00	0.00	0.00	0.00	0.00	0.00	0.00	0.00	0.00	0.00	0.00	0.00	
10/01/2025	 00:23:45	0.00	0.00	0.00	0.00	0.00	0.00	0.00	0.00	0.00	0.00	0.00	0.00	0.00	0.00	0.00	0.00	
10/01/2025	 00:23:46	0.00	0.00	0.00	0.00	0.00	0.00	0.00	0.00	0.00	0.00	0.00	0.00	0.00	0.00	0.00	0.00	
10/01/2025	 00:23:47	0.00	0.00	0.00	0.00	0.00	0.00	0.00	0.00	0.00	0.00	0.00	0.00	0.00	0.00	0.00	0.00	
10/01/2025	 00:23:48	0.00	0.00	0.00	0.00	0.00	0.00	0.00	0.00	0.00	0.00	0.00	0.00	0.00	0.00	0.00	0.00	
10/01/2025	 00:23:49	0.00	0.00	0.00	0.00	0.00	0.00	0.00	0.00	0.00	0.00	0.00	0.00	0.00	0.00	0.00	0.00	
10/01/2025	 00:23:50	0.00	0.00	0.00	0.00	0.00	0.00	0.00	0.00	0.00	0.00	0.00	0.00	0.00	0.00	0.00	0.00	
10/01/2025	 00:23:51	0.00	0.00	0.00	0.00	0.00	0.00	0.00	0.00	0.00	0.00	0.00	0.00	0.00	0.00	0.00	0.00	
10/01/2025	 00:23:52	0.00	0.00	0.00	0.00	0.00	0.00	0.00	0.00	0.00	0.00	0.00	0.00	0.00	0.00	0.00	0.00	
10/01/2025	 00:23:53	0.00	0.00	0.00	0.00	0.00	0.00	0.00	0.00	0.00	0.00	0.00	0.00	0.00	0.00	0.00	0.00	
10/01/2025	 00:23:54	0.00	0.00	0.00	0.00	0.00	0.00	0.00	0.00	0.00	0.00	0.00	0.00	0.00	0.00	0.00	0.00	
10/01/2025	 00:23:55	0.00	0.00	0.00	0.00	0.00	0.00	0.00	0.00	0.00	0.00	0.00	0.00	0.00	0.00	0.00	0.00	
10/01/2025	 00:23:56	0.00	0.00	0.00	0.00	0.00	0.00	0.00	0.00	0.00	0.00	0.00	0.00	0.00	0.00	0.00	0.00	
10/01/2025	 00:23:57	0.00	0.00	0.00	0.00	0.00	0.00	0.00	0.00	0.00	0.00	0.00	0.00	0.00	0.00	0.00	0.00	
10/01/2025	 00:23:58	0.00	0.00	0.00	0.00	0.00	0.00	0.00	0.00	0.00	0.00	0.00	0.00	0.00	0.00	0.00	0.00	
10/01/2025	 00:23:59	0.00	0.00	0.00	0.00	0.00	0.00	0.00	0.00	0.00	0.00	0.00	0.00	0.00	0.00	0.00	0.00	
10/01/2025	 00:24:00	0.00	0.00	0.00	0.00	0.00	0.00	0.00	0.00	0.00	0.00	0.00	0.00	0.00	0.00	0.00	0.00	
10/01/2025	 00:24:01	0.00	0.00	0.00	0.00	0.00	0.00	0.00	0.00	0.00	0.00	0.00	0.00	0.00	0.00	0.00	0.00	
10/01/2025	 00:24:02	0.00	0.00	0.00	0.00	0.00	0.00	0.00	0.00	0.00	0.00	0.00	0.00	0.00	0.00	0.00	0.00	
10/01/2025	 00:24:03	0.00	0.00	0.00	0.00	0.00	0.00	0.00	0.00	0.00	0.00	0.00	0.00	0.00	0.00	0.00	0.00	
10/01/2025	 00:24:04	0.00	0.00	0.00	0.00	0.00	0.00	0.00	0.00	0.00	0.00	0.00	0.00	0.00	0.00	0.00	0.00	
10/01/2025	 00:24:05	0.00	0.00	0.00	0.00	0.00	0.00	0.00	0.00	0.00	0.00	0.00	0.00	0.00	0.00	0.00	0.00	
10/01/2025	 00:24:06	0.00	0.00	0.00	0.00	0.00	0.00	0.00	0.00	0.00	0.00	0.00	0.00	0.00	0.00	0.00	0.00	
10/01/2025	 00:24:07	0.00	0.00	0.00	0.00	0.00	0.00	0.00	0.00	0.00	0.00	0.00	0.00	0.00	0.00	0.00	0.00	
10/01/2025	 00:24:08	0.00	0.00	0.00	0.00	0.00	0.00	0.00	0.00	0.00	0.00	0.00	0.00	0.00	0.00	0.00	0.00	
10/01/2025	 00:24:09	0.00	0.00	0.00	0.00	0.00	0.00	0.00	0.00	0.00	0.00	0.00	0.00	0.00	0.00	0.00	0.00	
10/01/2025	 00:24:10	0.00	0.00	0.00	0.00	0.00	0.00	0.00	0.00	0.00	0.00	0.00	0.00	0.00	0.00	0.00	0.00	
10/01/2025	 00:24:11	0.00	0.00	0.00	0.00	0.00	0.00	0.00	0.00	0.00	0.00	0.00	0.00	0.00	0.00	0.00	0.00	
10/01/2025	 00:24:13	0.00	0.00	0.00	0.00	0.00	0.00	0.00	0.00	0.00	0.00	0.00	0.00	0.00	0.00	0.00	0.00	
10/01/2025	 00:24:14	0.00	0.00	0.00	0.00	0.00	0.00	0.00	0.00	0.00	0.00	0.00	0.00	0.00	0.00	0.00	0.00	
10/01/2025	 00:24:15	0.00	0.00	0.00	0.00	0.00	0.00	0.00	0.00	0.00	0.00	0.00	0.00	0.00	0.00	0.00	0.00	
10/01/2025	 00:24:16	0.00	0.00	0.00	0.00	0.00	0.00	0.00	0.00	0.00	0.00	0.00	0.00	0.00	0.00	0.00	0.00	
10/01/2025	 00:24:17	0.00	0.00	0.00	0.00	0.00	0.00	0.00	0.00	0.00	0.00	0.00	0.00	0.00	0.00	0.00	0.00	
10/01/2025	 00:24:18	0.00	0.00	0.00	0.00	0.00	0.00	0.00	0.00	0.00	0.00	0.00	0.00	0.00	0.00	0.00	0.00	
10/01/2025	 00:24:19	0.00	0.00	0.00	0.00	0.00	0.00	0.00	0.00	0.00	0.00	0.00	0.00	0.00	0.00	0.00	0.00	
10/01/2025	 00:24:20	0.00	0.00	0.00	0.00	0.00	0.00	0.00	0.00	0.00	0.00	0.00	0.00	0.00	0.00	0.00	0.00	
10/01/2025	 00:24:21	0.00	0.00	0.00	0.00	0.00	0.00	0.00	0.00	0.00	0.00	0.00	0.00	0.00	0.00	0.00	0.00	
10/01/2025	 00:24:22	0.00	0.00	0.00	0.00	0.00	0.00	0.00	0.00	0.00	0.00	0.00	0.00	0.00	0.00	0.00	0.00	
10/01/2025	 00:24:23	0.00	0.00	0.00	0.00	0.00	0.00	0.00	0.00	0.00	0.00	0.00	0.00	0.00	0.00	0.00	0.00	
10/01/2025	 00:24:24	0.00	0.00	0.00	0.00	0.00	0.00	0.00	0.00	0.00	0.00	0.00	0.00	0.00	0.00	0.00	0.00	
10/01/2025	 00:24:25	0.00	0.00	0.00	0.00	0.00	0.00	0.00	0.00	0.00	0.00	0.00	0.00	0.00	0.00	0.00	0.00	
10/01/2025	 00:24:26	0.00	0.00	0.00	0.00	0.00	0.00	0.00	0.00	0.00	0.00	0.00	0.00	0.00	0.00	0.00	0.00	
10/01/2025	 00:24:27	0.00	0.00	0.00	0.00	0.00	0.00	0.00	0.00	0.00	0.00	0.00	0.00	0.00	0.00	0.00	0.00	
10/01/2025	 00:24:28	0.00	0.00	0.00	0.00	0.00	0.00	0.00	0.00	0.00	0.00	0.00	0.00	0.00	0.00	0.00	0.00	
10/01/2025	 00:24:29	0.00	0.00	0.00	0.00	0.00	0.00	0.00	0.00	0.00	0.00	0.00	0.00	0.00	0.00	0.00	0.00	
10/01/2025	 00:24:30	0.00	0.00	0.00	0.00	0.00	0.00	0.00	0.00	0.00	0.00	0.00	0.00	0.00	0.00	0.00	0.00	
10/01/2025	 00:24:31	0.00	0.00	0.00	0.00	0.00	0.00	0.00	0.00	0.00	0.00	0.00	0.00	0.00	0.00	0.00	0.00	
10/01/2025	 00:24:32	0.00	0.00	0.00	0.00	0.00	0.00	0.00	0.00	0.00	0.00	0.00	0.00	0.00	0.00	0.00	0.00	
10/01/2025	 00:24:33	0.00	0.00	0.00	0.00	0.00	0.00	0.00	0.00	0.00	0.00	0.00	0.00	0.00	0.00	0.00	0.00	
10/01/2025	 00:24:34	0.00	0.00	0.00	0.00	0.00	0.00	0.00	0.00	0.00	0.00	0.00	0.00	0.00	0.00	0.00	0.00	
10/01/2025	 00:24:35	0.00	0.00	0.00	0.00	0.00	0.00	0.00	0.00	0.00	0.00	0.00	0.00	0.00	0.00	0.00	0.00	
10/01/2025	 00:24:36	0.00	0.00	0.00	0.00	0.00	0.00	0.00	0.00	0.00	0.00	0.00	0.00	0.00	0.00	0.00	0.00	
10/01/2025	 00:24:37	0.00	0.00	0.00	0.00	0.00	0.00	0.00	0.00	0.00	0.00	0.00	0.00	0.00	0.00	0.00	0.00	
10/01/2025	 00:24:38	0.00	0.00	0.00	0.00	0.00	0.00	0.00	0.00	0.00	0.00	0.00	0.00	0.00	0.00	0.00	0.00	
10/01/2025	 00:24:58	0.00	0.00	0.00	0.00	0.00	0.00	0.00	0.00	0.00	0.00	0.00	0.00	0.00	0.00	0.00	0.00	
10/01/2025	 00:24:59	0.00	0.00	0.00	0.00	0.00	0.00	0.00	0.00	0.00	0.00	0.00	0.00	0.00	0.00	0.00	0.00	
10/01/2025	 00:25:00	0.00	0.00	0.00	0.00	0.00	0.00	0.00	0.00	0.00	0.00	0.00	0.00	0.00	0.00	0.00	0.00	
10/01/2025	 00:25:01	0.00	0.00	0.00	0.00	0.00	0.00	0.00	0.00	0.00	0.00	0.00	0.00	0.00	0.00	0.00	0.00	
10/01/2025	 00:25:02	0.00	0.00	0.00	0.00	0.00	0.00	0.00	0.00	0.00	0.00	0.00	0.00	0.00	0.00	0.00	0.00	
10/01/2025	 00:25:03	0.00	0.00	0.00	0.00	0.00	0.00	0.00	0.00	0.00	0.00	0.00	0.00	0.00	0.00	0.00	0.00	
10/01/2025	 00:25:04	0.00	0.00	0.00	0.00	0.00	0.00	0.00	0.00	0.00	0.00	0.00	0.00	0.00	0.00	0.00	0.00	
10/01/2025	 00:25:05	0.00	0.00	0.00	0.00	0.00	0.00	0.00	0.00	0.00	0.00	0.00	0.00	0.00	0.00	0.00	0.00	
10/01/2025	 00:25:06	0.00	0.00	0.00	0.00	0.00	0.00	0.00	0.00	0.00	0.00	0.00	0.00	0.00	0.00	0.00	0.00	
10/01/2025	 00:25:07	0.00	0.00	0.00	0.00	0.00	0.00	0.00	0.00	0.00	0.00	0.00	0.00	0.00	0.00	0.00	0.00	
10/01/2025	 00:25:08	0.00	0.00	0.00	0.00	0.00	0.00	0.00	0.00	0.00	0.00	0.00	0.00	0.00	0.00	0.00	0.00	
10/01/2025	 00:25:09	0.00	0.00	0.00	0.00	0.00	0.00	0.00	0.00	0.00	0.00	0.00	0.00	0.00	0.00	0.00	0.00	
10/01/2025	 00:25:10	0.00	0.00	0.00	0.00	0.00	0.00	0.00	0.00	0.00	0.00	0.00	0.00	0.00	0.00	0.00	0.00	
10/01/2025	 00:25:11	0.00	0.00	0.00	0.00	0.00	0.00	0.00	0.00	0.00	0.00	0.00	0.00	0.00	0.00	0.00	0.00	
10/01/2025	 00:25:12	0.00	0.00	0.00	0.00	0.00	0.00	0.00	0.00	0.00	0.00	0.00	0.00	0.00	0.00	0.00	0.00	
10/01/2025	 00:25:13	0.00	0.00	0.00	0.00	0.00	0.00	0.00	0.00	0.00	0.00	0.00	0.00	0.00	0.00	0.00	0.00	
10/01/2025	 00:25:14	0.00	0.00	0.00	0.00	0.00	0.00	0.00	0.00	0.00	0.00	0.00	0.00	0.00	0.00	0.00	0.00	
10/01/2025	 00:25:15	0.00	0.00	0.00	0.00	0.00	0.00	0.00	0.00	0.00	0.00	0.00	0.00	0.00	0.00	0.00	0.00	
10/01/2025	 00:25:16	0.00	0.00	0.00	0.00	0.00	0.00	0.00	0.00	0.00	0.00	0.00	0.00	0.00	0.00	0.00	0.00	
10/01/2025	 00:25:17	0.00	0.00	0.00	0.00	0.00	0.00	0.00	0.00	0.00	0.00	0.00	0.00	0.00	0.00	0.00	0.00	
10/01/2025	 00:25:18	0.00	0.00	0.00	0.00	0.00	0.00	0.00	0.00	0.00	0.00	0.00	0.00	0.00	0.00	0.00	0.00	
10/01/2025	 00:25:19	0.00	0.00	0.00	0.00	0.00	0.00	0.00	0.00	0.00	0.00	0.00	0.00	0.00	0.00	0.00	0.00	
10/01/2025	 00:25:20	0.00	0.00	0.00	0.00	0.00	0.00	0.00	0.00	0.00	0.00	0.00	0.00	0.00	0.00	0.00	0.00	
10/01/2025	 00:25:21	0.00	0.00	0.00	0.00	0.00	0.00	0.00	0.00	0.00	0.00	0.00	0.00	0.00	0.00	0.00	0.00	
10/01/2025	 00:25:22	0.00	0.00	0.00	0.00	0.00	0.00	0.00	0.00	0.00	0.00	0.00	0.00	0.00	0.00	0.00	0.00	
10/01/2025	 00:25:23	0.00	0.00	0.00	0.00	0.00	0.00	0.00	0.00	0.00	0.00	0.00	0.00	0.00	0.00	0.00	0.00	
10/01/2025	 00:25:24	0.00	0.00	0.00	0.00	0.00	0.00	0.00	0.00	0.00	0.00	0.00	0.00	0.00	0.00	0.00	0.00	
10/01/2025	 00:25:25	0.00	0.00	0.00	0.00	0.00	0.00	0.00	0.00	0.00	0.00	0.00	0.00	0.00	0.00	0.00	0.00	
10/01/2025	 00:25:26	0.00	0.00	0.00	0.00	0.00	0.00	0.00	0.00	0.00	0.00	0.00	0.00	0.00	0.00	0.00	0.00	
10/01/2025	 00:25:27	0.00	0.00	0.00	0.00	0.00	0.00	0.00	0.00	0.00	0.00	0.00	0.00	0.00	0.00	0.00	0.00	
10/01/2025	 00:25:28	0.00	0.00	0.00	0.00	0.00	0.00	0.00	0.00	0.00	0.00	0.00	0.00	0.00	0.00	0.00	0.00	
10/01/2025	 00:25:29	0.00	0.00	0.00	0.00	0.00	0.00	0.00	0.00	0.00	0.00	0.00	0.00	0.00	0.00	0.00	0.00	
10/01/2025	 00:25:30	0.00	0.00	0.00	0.00	0.00	0.00	0.00	0.00	0.00	0.00	0.00	0.00	0.00	0.00	0.00	0.00	
10/01/2025	 00:25:31	0.00	0.00	0.00	0.00	0.00	0.00	0.00	0.00	0.00	0.00	0.00	0.00	0.00	0.00	0.00	0.00	
10/01/2025	 00:25:32	0.00	0.00	0.00	0.00	0.00	0.00	0.00	0.00	0.00	0.00	0.00	0.00	0.00	0.00	0.00	0.00	
10/01/2025	 00:26:58	0.00	0.00	0.00	0.00	0.00	0.00	0.00	0.00	0.00	0.00	0.00	0.00	0.00	0.00	0.00	0.00	
10/01/2025	 00:26:59	0.00	0.00	0.00	0.00	0.00	0.00	0.00	0.00	0.00	0.00	0.00	0.00	0.00	0.00	0.00	0.00	
10/01/2025	 00:27:00	0.00	0.00	0.00	0.00	0.00	0.00	0.00	0.00	0.00	0.00	0.00	0.00	0.00	0.00	0.00	0.00	
10/01/2025	 00:27:01	0.00	0.00	0.00	0.00	0.00	0.00	0.00	0.00	0.00	0.00	0.00	0.00	0.00	0.00	0.00	0.00	
10/01/2025	 00:27:02	0.00	0.00	0.00	0.00	0.00	0.00	0.00	0.00	0.00	0.00	0.00	0.00	0.00	0.00	0.00	0.00	
10/01/2025	 00:27:03	0.00	0.00	0.00	0.00	0.00	0.00	0.00	0.00	0.00	0.00	0.00	0.00	0.00	0.00	0.00	0.00	
10/01/2025	 00:27:04	0.00	0.00	0.00	0.00	0.00	0.00	0.00	0.00	0.00	0.00	0.00	0.00	0.00	0.00	0.00	0.00	
10/01/2025	 00:27:05	0.00	0.00	0.00	0.00	0.00	0.00	0.00	0.00	0.00	0.00	0.00	0.00	0.00	0.00	0.00	0.00	
10/01/2025	 00:27:06	0.00	0.00	0.00	0.00	0.00	0.00	0.00	0.00	0.00	0.00	0.00	0.00	0.00	0.00	0.00	0.00	
10/01/2025	 00:27:07	0.00	0.00	0.00	0.00	0.00	0.00	0.00	0.00	0.00	0.00	0.00	0.00	0.00	0.00	0.00	0.00	
10/01/2025	 00:27:08	0.00	0.00	0.00	0.00	0.00	0.00	0.00	0.00	0.00	0.00	0.00	0.00	0.00	0.00	0.00	0.00	
10/01/2025	 00:27:09	0.00	0.00	0.00	0.00	0.00	0.00	0.00	0.00	0.00	0.00	0.00	0.00	0.00	0.00	0.00	0.00	
10/01/2025	 00:27:10	0.00	0.00	0.00	0.00	0.00	0.00	0.00	0.00	0.00	0.00	0.00	0.00	0.00	0.00	0.00	0.00	
10/01/2025	 00:27:11	0.00	0.00	0.00	0.00	0.00	0.00	0.00	0.00	0.00	0.00	0.00	0.00	0.00	0.00	0.00	0.00	
10/01/2025	 00:27:12	0.00	0.00	0.00	0.00	0.00	0.00	0.00	0.00	0.00	0.00	0.00	0.00	0.00	0.00	0.00	0.00	
10/01/2025	 00:27:13	0.00	0.00	0.00	0.00	0.00	0.00	0.00	0.00	0.00	0.00	0.00	0.00	0.00	0.00	0.00	0.00	
10/01/2025	 00:27:14	0.00	0.00	0.00	0.00	0.00	0.00	0.00	0.00	0.00	0.00	0.00	0.00	0.00	0.00	0.00	0.00	
10/01/2025	 00:27:15	0.00	0.00	0.00	0.00	0.00	0.00	0.00	0.00	0.00	0.00	0.00	0.00	0.00	0.00	0.00	0.00	
10/01/2025	 00:27:16	0.00	0.00	0.00	0.00	0.00	0.00	0.00	0.00	0.00	0.00	0.00	0.00	0.00	0.00	0.00	0.00	
10/01/2025	 00:27:17	0.00	0.00	0.00	0.00	0.00	0.00	0.00	0.00	0.00	0.00	0.00	0.00	0.00	0.00	0.00	0.00	
10/01/2025	 00:27:18	0.00	0.00	0.00	0.00	0.00	0.00	0.00	0.00	0.00	0.00	0.00	0.00	0.00	0.00	0.00	0.00	
10/01/2025	 00:27:19	0.00	0.00	0.00	0.00	0.00	0.00	0.00	0.00	0.00	0.00	0.00	0.00	0.00	0.00	0.00	0.00	
10/01/2025	 00:27:20	0.00	0.00	0.00	0.00	0.00	0.00	0.00	0.00	0.00	0.00	0.00	0.00	0.00	0.00	0.00	0.00	
10/01/2025	 00:27:21	0.00	0.00	0.00	0.00	0.00	0.00	0.00	0.00	0.00	0.00	0.00	0.00	0.00	0.00	0.00	0.00	
10/01/2025	 00:27:22	0.00	0.00	0.00	0.00	0.00	0.00	0.00	0.00	0.00	0.00	0.00	0.00	0.00	0.00	0.00	0.00	
10/01/2025	 00:27:23	0.00	0.00	0.00	0.00	0.00	0.00	0.00	0.00	0.00	0.00	0.00	0.00	0.00	0.00	0.00	0.00	
10/01/2025	 00:27:24	0.00	0.00	0.00	0.00	0.00	0.00	0.00	0.00	0.00	0.00	0.00	0.00	0.00	0.00	0.00	0.00	
10/01/2025	 00:27:25	0.00	0.00	0.00	0.00	0.00	0.00	0.00	0.00	0.00	0.00	0.00	0.00	0.00	0.00	0.00	0.00	
10/01/2025	 00:27:26	0.00	0.00	0.00	0.00	0.00	0.00	0.00	0.00	0.00	0.00	0.00	0.00	0.00	0.00	0.00	0.00	
10/01/2025	 00:27:27	0.00	0.00	0.00	0.00	0.00	0.00	0.00	0.00	0.00	0.00	0.00	0.00	0.00	0.00	0.00	0.00	
10/01/2025	 00:27:28	0.00	0.00	0.00	0.00	0.00	0.00	0.00	0.00	0.00	0.00	0.00	0.00	0.00	0.00	0.00	0.00	
10/01/2025	 00:27:29	0.00	0.00	0.00	0.00	0.00	0.00	0.00	0.00	0.00	0.00	0.00	0.00	0.00	0.00	0.00	0.00	
10/01/2025	 00:27:30	0.00	0.00	0.00	0.00	0.00	0.00	0.00	0.00	0.00	0.00	0.00	0.00	0.00	0.00	0.00	0.00	
10/01/2025	 00:27:31	0.00	0.00	0.00	0.00	0.00	0.00	0.00	0.00	0.00	0.00	0.00	0.00	0.00	0.00	0.00	0.00	
10/01/2025	 00:27:32	0.00	0.00	0.00	0.00	0.00	0.00	0.00	0.00	0.00	0.00	0.00	0.00	0.00	0.00	0.00	0.00	
10/01/2025	 00:27:33	0.00	0.00	0.00	0.00	0.00	0.00	0.00	0.00	0.00	0.00	0.00	0.00	0.00	0.00	0.00	0.00	
10/01/2025	 00:27:34	0.00	0.00	0.00	0.00	0.00	0.00	0.00	0.00	0.00	0.00	0.00	0.00	0.00	0.00	0.00	0.00	
10/01/2025	 00:27:35	0.00	0.00	0.00	0.00	0.00	0.00	0.00	0.00	0.00	0.00	0.00	0.00	0.00	0.00	0.00	0.00	
10/01/2025	 00:27:36	0.00	0.00	0.00	0.00	0.00	0.00	0.00	0.00	0.00	0.00	0.00	0.00	0.00	0.00	0.00	0.00	
10/01/2025	 00:27:37	0.00	0.00	0.00	0.00	0.00	0.00	0.00	0.00	0.00	0.00	0.00	0.00	0.00	0.00	0.00	0.00	
10/01/2025	 00:27:38	0.00	0.00	0.00	0.00	0.00	0.00	0.00	0.00	0.00	0.00	0.00	0.00	0.00	0.00	0.00	0.00	
10/01/2025	 00:27:39	0.00	0.00	0.00	0.00	0.00	0.00	0.00	0.00	0.00	0.00	0.00	0.00	0.00	0.00	0.00	0.00	
10/01/2025	 00:27:40	0.00	0.00	0.00	0.00	0.00	0.00	0.00	0.00	0.00	0.00	0.00	0.00	0.00	0.00	0.00	0.00	
10/01/2025	 00:27:41	0.00	0.00	0.00	0.00	0.00	0.00	0.00	0.00	0.00	0.00	0.00	0.00	0.00	0.00	0.00	0.00	
10/01/2025	 00:27:42	0.00	0.00	0.00	0.00	0.00	0.00	0.00	0.00	0.00	0.00	0.00	0.00	0.00	0.00	0.00	0.00	
10/01/2025	 00:27:43	0.00	0.00	0.00	0.00	0.00	0.00	0.00	0.00	0.00	0.00	0.00	0.00	0.00	0.00	0.00	0.00	
10/01/2025	 00:27:44	0.00	0.00	0.00	0.00	0.00	0.00	0.00	0.00	0.00	0.00	0.00	0.00	0.00	0.00	0.00	0.00	
10/01/2025	 00:27:45	0.00	0.00	0.00	0.00	0.00	0.00	0.00	0.00	0.00	0.00	0.00	0.00	0.00	0.00	0.00	0.00	
10/01/2025	 00:27:46	0.00	0.00	0.00	0.00	0.00	0.00	0.00	0.00	0.00	0.00	0.00	0.00	0.00	0.00	0.00	0.00	
10/01/2025	 00:27:47	0.00	0.00	0.00	0.00	0.00	0.00	0.00	0.00	0.00	0.00	0.00	0.00	0.00	0.00	0.00	0.00	
10/01/2025	 00:27:48	0.00	0.00	0.00	0.00	0.00	0.00	0.00	0.00	0.00	0.00	0.00	0.00	0.00	0.00	0.00	0.00	
10/01/2025	 00:27:49	0.00	0.00	0.00	0.00	0.00	0.00	0.00	0.00	0.00	0.00	0.00	0.00	0.00	0.00	0.00	0.00	
10/01/2025	 00:27:50	0.00	0.00	0.00	0.00	0.00	0.00	0.00	0.00	0.00	0.00	0.00	0.00	0.00	0.00	0.00	0.00	
10/01/2025	 00:27:51	0.00	0.00	0.00	0.00	0.00	0.00	0.00	0.00	0.00	0.00	0.00	0.00	0.00	0.00	0.00	0.00	
10/01/2025	 00:27:52	0.00	0.00	0.00	0.00	0.00	0.00	0.00	0.00	0.00	0.00	0.00	0.00	0.00	0.00	0.00	0.00	
10/01/2025	 00:27:53	0.00	0.00	0.00	0.00	0.00	0.00	0.00	0.00	0.00	0.00	0.00	0.00	0.00	0.00	0.00	0.00	
10/01/2025	 00:27:54	0.00	0.00	0.00	0.00	0.00	0.00	0.00	0.00	0.00	0.00	0.00	0.00	0.00	0.00	0.00	0.00	
10/01/2025	 00:27:55	0.00	0.00	0.00	0.00	0.00	0.00	0.00	0.00	0.00	0.00	0.00	0.00	0.00	0.00	0.00	0.00	
10/01/2025	 00:27:56	0.00	0.00	0.00	0.00	0.00	0.00	0.00	0.00	0.00	0.00	0.00	0.00	0.00	0.00	0.00	0.00	
10/01/2025	 00:27:57	0.00	0.00	0.00	0.00	0.00	0.00	0.00	0.00	0.00	0.00	0.00	0.00	0.00	0.00	0.00	0.00	
10/01/2025	 00:27:58	0.00	0.00	0.00	0.00	0.00	0.00	0.00	0.00	0.00	0.00	0.00	0.00	0.00	0.00	0.00	0.00	
10/01/2025	 00:28:42	0.00	0.00	0.00	0.00	0.00	0.00	0.00	0.00	0.00	0.00	0.00	0.00	0.00	0.00	0.00	0.00	
10/01/2025	 00:28:43	0.00	0.00	0.00	0.00	0.00	0.00	0.00	0.00	0.00	0.00	0.00	0.00	0.00	0.00	0.00	0.00	
10/01/2025	 00:28:44	0.00	0.00	0.00	0.00	0.00	0.00	0.00	0.00	0.00	0.00	0.00	0.00	0.00	0.00	0.00	0.00	
10/01/2025	 00:28:45	0.00	0.00	0.00	0.00	0.00	0.00	0.00	0.00	0.00	0.00	0.00	0.00	0.00	0.00	0.00	0.00	
10/01/2025	 00:28:46	0.00	0.00	0.00	0.00	0.00	0.00	0.00	0.00	0.00	0.00	0.00	0.00	0.00	0.00	0.00	0.00	
10/01/2025	 00:28:47	0.00	0.00	0.00	0.00	0.00	0.00	0.00	0.00	0.00	0.00	0.00	0.00	0.00	0.00	0.00	0.00	
10/01/2025	 00:28:48	0.00	0.00	0.00	0.00	0.00	0.00	0.00	0.00	0.00	0.00	0.00	0.00	0.00	0.00	0.00	0.00	
10/01/2025	 00:28:49	0.00	0.00	0.00	0.00	0.00	0.00	0.00	0.00	0.00	0.00	0.00	0.00	0.00	0.00	0.00	0.00	
10/01/2025	 00:28:50	0.00	0.00	0.00	0.00	0.00	0.00	0.00	0.00	0.00	0.00	0.00	0.00	0.00	0.00	0.00	0.00	
10/01/2025	 00:28:51	0.00	0.00	0.00	0.00	0.00	0.00	0.00	0.00	0.00	0.00	0.00	0.00	0.00	0.00	0.00	0.00	
10/01/2025	 00:28:52	0.00	0.00	0.00	0.00	0.00	0.00	0.00	0.00	0.00	0.00	0.00	0.00	0.00	0.00	0.00	0.00	
10/01/2025	 00:28:53	0.00	0.00	0.00	0.00	0.00	0.00	0.00	0.00	0.00	0.00	0.00	0.00	0.00	0.00	0.00	0.00	
10/01/2025	 00:28:54	0.00	0.00	0.00	0.00	0.00	0.00	0.00	0.00	0.00	0.00	0.00	0.00	0.00	0.00	0.00	0.00	
10/01/2025	 00:28:55	0.00	0.00	0.00	0.00	0.00	0.00	0.00	0.00	0.00	0.00	0.00	0.00	0.00	0.00	0.00	0.00	
10/01/2025	 00:28:56	0.00	0.00	0.00	0.00	0.00	0.00	0.00	0.00	0.00	0.00	0.00	0.00	0.00	0.00	0.00	0.00	
10/01/2025	 00:28:57	0.00	0.00	0.00	0.00	0.00	0.00	0.00	0.00	0.00	0.00	0.00	0.00	0.00	0.00	0.00	0.00	
10/01/2025	 00:28:58	0.00	0.00	0.00	0.00	0.00	0.00	0.00	0.00	0.00	0.00	0.00	0.00	0.00	0.00	0.00	0.00	
10/01/2025	 00:28:59	0.00	0.00	0.00	0.00	0.00	0.00	0.00	0.00	0.00	0.00	0.00	0.00	0.00	0.00	0.00	0.00	
10/01/2025	 00:29:00	0.00	0.00	0.00	0.00	0.00	0.00	0.00	0.00	0.00	0.00	0.00	0.00	0.00	0.00	0.00	0.00	
10/01/2025	 00:29:01	0.00	0.00	0.00	0.00	0.00	0.00	0.00	0.00	0.00	0.00	0.00	0.00	0.00	0.00	0.00	0.00	
10/01/2025	 00:29:02	0.00	0.00	0.00	0.00	0.00	0.00	0.00	0.00	0.00	0.00	0.00	0.00	0.00	0.00	0.00	0.00	
10/01/2025	 00:29:03	0.00	0.00	0.00	0.00	0.00	0.00	0.00	0.00	0.00	0.00	0.00	0.00	0.00	0.00	0.00	0.00	
10/01/2025	 00:29:04	0.00	0.00	0.00	0.00	0.00	0.00	0.00	0.00	0.00	0.00	0.00	0.00	0.00	0.00	0.00	0.00	
10/01/2025	 00:29:05	0.00	0.00	0.00	0.00	0.00	0.00	0.00	0.00	0.00	0.00	0.00	0.00	0.00	0.00	0.00	0.00	
10/01/2025	 00:29:06	0.00	0.00	0.00	0.00	0.00	0.00	0.00	0.00	0.00	0.00	0.00	0.00	0.00	0.00	0.00	0.00	
10/01/2025	 00:29:07	0.00	0.00	0.00	0.00	0.00	0.00	0.00	0.00	0.00	0.00	0.00	0.00	0.00	0.00	0.00	0.00	
10/01/2025	 00:29:08	0.00	0.00	0.00	0.00	0.00	0.00	0.00	0.00	0.00	0.00	0.00	0.00	0.00	0.00	0.00	0.00	
10/01/2025	 00:29:09	0.00	0.00	0.00	0.00	0.00	0.00	0.00	0.00	0.00	0.00	0.00	0.00	0.00	0.00	0.00	0.00	
10/01/2025	 00:29:10	0.00	0.00	0.00	0.00	0.00	0.00	0.00	0.00	0.00	0.00	0.00	0.00	0.00	0.00	0.00	0.00	
10/01/2025	 00:29:11	0.00	0.00	0.00	0.00	0.00	0.00	0.00	0.00	0.00	0.00	0.00	0.00	0.00	0.00	0.00	0.00	
